80 223
14 57 
14 66 
57 66 
57 11 
14 11 
63 76 
63 56 
76 56 
66 47 
66 7 
47 7 
57 47 
37 9 
37 17 
9 17 
71 8 
71 24 
8 24 
26 55 
26 68 
55 68 
55 37 
55 21 
37 21 
55 51 
55 4 
51 4 
51 26 
70 63 
70 56 
55 6 
6 68 
64 9 
64 37 
64 55 
64 4 
9 13 
13 17 
47 53 
53 7 
53 57 
8 53 
8 57 
62 12 
62 65 
12 65 
12 71 
71 65 
12 54 
54 71 
12 30 
62 30 
51 74 
74 4 
74 13 
74 9 
74 64 
34 38 
34 65 
38 65 
34 71 
34 24 
38 11 
34 11 
34 57 
8 34 
52 79 
52 11 
79 11 
79 38 
77 62 
77 65 
38 77 
46 73 
46 40 
73 40 
28 46 
28 0 
46 0 
46 78 
28 78 
42 33 
42 23 
33 23 
42 28 
42 10 
28 10 
33 7 
42 7 
59 76 
59 63 
70 59 
76 21 
59 21 
59 67 
70 67 
6 59 
6 67 
45 55 
45 21 
45 6 
59 45 
58 16 
58 0 
16 0 
39 58 
39 0 
39 46 
39 40 
54 39 
54 40 
39 1 
1 58 
26 43 
26 30 
43 30 
43 68 
15 6 
15 67 
1 15 
15 58 
71 29 
29 8 
29 53 
73 29 
73 71 
46 29 
54 18 
18 71 
18 73 
18 40 
69 77 
69 38 
69 79 
69 52 
74 25 
25 13 
35 74 
35 51 
35 26 
35 30 
62 35 
77 35 
78 32 
78 23 
32 23 
32 42 
28 32 
42 5 
42 31 
5 31 
5 10 
16 5 
16 10 
70 3 
3 67 
3 56 
19 3 
19 56 
16 36 
36 0 
36 10 
36 28 
5 50 
50 31 
50 16 
22 16 
22 58 
22 50 
43 49 
49 30 
49 12 
49 54 
49 1 
43 1 
49 39 
6 75 
75 68 
15 75 
75 1 
75 43 
33 44 
44 23 
53 27 
27 7 
29 27 
27 33 
27 44 
27 23 
27 46 
27 78 
69 61 
61 77 
61 35 
61 52 
61 25 
61 74 
13 20 
20 17 
25 20 
20 72 
72 17 
25 72 
3 41 
41 67 
41 15 
41 58 
60 19 
60 31 
19 31 
50 60 
60 22 
22 19 
48 61 
48 52 
48 25 
48 72 
48 11 
2 41 
2 3 
2 19 
22 2 
2 58 
