70 196
0 154168.54789988755 879162.3355429383
1 920012.6468286645 338572.81229767244
2 528335.9018545734 438521.6479712781
3 144883.18334141627 118943.78150423979
4 655158.1599402009 929843.6862000566
5 69189.11409801742 104866.13712811499
6 253111.96858026375 23513.581080443768
7 457120.5148064589 240821.66965529762
8 671185.2376893183 297428.6042403138
9 15693.596234690465 206247.13626463286
10 858670.7269499629 34674.86528424835
11 592020.2494660959 799192.1554419856
12 499594.37917995144 594761.6006934394
13 33088.777440054895 460828.57224001625
14 53675.43428046717 563170.1280870499
15 171007.0371085981 894908.5978846077
16 535427.3292939148 460141.66308836144
17 85768.65233776199 499577.1546579728
18 963996.2183696708 982135.661269604
19 160702.54396972072 358695.6501900904
20 930355.6771947609 359543.29873586923
21 542280.478756025 77519.6547829493
22 255532.94954347095 583882.8299529892
23 107904.82024350234 117732.60137480157
24 612271.0956958563 800329.5916703955
25 504453.6246108864 114068.01668883515
26 159202.13804147 407650.0620294124
27 625847.9492259758 120235.06694041997
28 756118.959024198 19772.204629033506
29 735614.0082058712 274494.3495601764
30 67869.08378546363 818585.9112233835
31 346429.83948813746 621780.34488653
32 950374.5865905992 589900.105502606
33 112474.21828306747 51871.323644627875
34 410740.53428856883 502628.34363146994
35 584684.4416637355 336759.01886553894
36 330279.0649892462 679016.6484380693
37 180051.37154259422 943722.6941150384
38 928122.1120855054 703306.4309909332
39 229660.09696997824 306341.60662962304
40 329200.6662660298 373866.2462948842
41 36116.10679615951 445319.90251464146
42 721797.9066005701 318994.82417212246
43 71228.64949715501 543301.4590135418
44 920822.9314014228 449415.0661014076
45 271218.1310016891 7139.777582474971
46 281592.7989884712 560335.7051909781
47 754942.438909074 275902.1467249542
48 469981.0969084068 532946.7166630271
49 66264.60544436186 70354.42673926329
50 872515.834396791 294083.16896061116
51 641379.9853012912 326257.60223659215
52 160576.053721992 28030.422665468403
53 578377.4045185493 656502.6689560477
54 895837.4063997546 8100.6353867913995
55 405755.700410227 194655.90690169888
56 269564.897662408 118743.68544753955
57 48534.464027881644 225283.81055947967
58 115698.03250284694 668923.5829165637
59 721698.5650382934 711888.5516133907
60 896388.1728899356 913414.3011789707
61 956342.4020029443 7402.300019769492
62 871264.574927038 979068.6118883479
63 755245.6393436935 133537.42034569627
64 456327.738105887 861665.6472231724
65 588106.1423151428 556278.6952207906
66 415703.17478289607 226792.1830840398
67 974547.7935989777 957391.3631262548
68 463713.90599160665 76925.10974071464
69 573713.0083480364 272271.4909397185
32 61 
32 67 
61 67 
18 60 
18 67 
60 67 
64 36 
64 12 
36 12 
26 39 
26 40 
39 40 
53 59 
53 24 
59 24 
53 64 
53 12 
38 59 
38 32 
59 32 
59 60 
38 60 
38 67 
59 4 
4 24 
4 60 
64 4 
64 37 
4 37 
59 44 
44 32 
49 5 
49 9 
5 9 
52 33 
52 49 
33 49 
3 33 
3 52 
55 68 
55 25 
68 25 
6 52 
6 45 
52 45 
3 56 
3 39 
56 39 
56 55 
55 39 
56 52 
6 56 
56 45 
68 56 
68 45 
39 66 
66 40 
55 66 
34 46 
34 40 
46 40 
46 26 
26 22 
46 22 
2 34 
2 40 
2 48 
48 34 
26 19 
19 39 
11 53 
11 24 
11 64 
4 11 
64 15 
15 36 
15 0 
0 36 
15 37 
0 37 
62 60 
62 18 
62 4 
62 37 
32 20 
20 61 
44 20 
23 33 
23 3 
23 5 
23 49 
27 69 
27 25 
69 25 
31 46 
31 34 
48 31 
31 36 
31 22 
36 22 
31 12 
48 12 
2 7 
2 35 
7 35 
7 69 
69 35 
66 7 
7 40 
7 25 
7 55 
2 16 
16 48 
16 35 
19 57 
57 39 
57 3 
57 23 
5 57 
57 9 
17 26 
17 22 
36 58 
58 22 
0 58 
27 63 
27 29 
63 29 
63 28 
27 28 
68 21 
21 25 
21 27 
21 28 
21 45 
28 45 
8 27 
8 29 
8 69 
43 17 
43 22 
58 43 
43 14 
58 14 
41 19 
41 26 
17 41 
41 57 
41 9 
30 58 
30 0 
30 14 
30 37 
63 47 
47 29 
47 50 
63 50 
1 20 
1 44 
50 1 
50 44 
1 61 
50 61 
50 10 
10 61 
63 10 
10 28 
51 16 
51 35 
69 51 
8 51 
43 13 
13 17 
13 41 
13 14 
30 13 
13 9 
10 54 
54 61 
54 28 
61 45 
54 45 
51 65 
65 16 
65 44 
65 59 
53 65 
65 12 
48 65 
65 42 
42 44 
42 51 
42 50 
42 47 
42 8 
42 29 
