50 136
13 31 
13 29 
31 29 
41 24 
41 19 
24 19 
41 44 
41 16 
44 16 
41 29 
16 29 
24 29 
3 24 
3 29 
31 3 
3 30 
31 30 
48 18 
48 27 
18 27 
44 18 
44 48 
18 41 
18 19 
48 33 
48 10 
33 10 
5 33 
5 48 
33 25 
5 25 
33 38 
38 10 
25 38 
21 8 
21 12 
8 12 
46 32 
46 14 
32 14 
32 17 
46 17 
17 12 
46 12 
46 21 
11 23 
11 38 
23 38 
0 15 
0 37 
15 37 
15 17 
0 17 
0 32 
31 1 
1 30 
1 3 
1 28 
28 3 
9 2 
9 12 
2 12 
3 2 
2 24 
28 2 
2 19 
9 19 
42 48 
42 27 
42 5 
9 42 
42 19 
18 42 
0 26 
26 32 
26 37 
8 39 
39 12 
5 39 
39 25 
8 25 
25 4 
4 38 
4 11 
43 46 
43 14 
43 21 
43 11 
11 21 
36 31 
36 13 
45 49 
45 15 
49 15 
1 45 
1 15 
45 31 
36 45 
36 49 
2 22 
22 12 
22 28 
1 22 
22 15 
22 17 
42 20 
20 5 
20 9 
20 39 
20 12 
26 6 
6 32 
8 40 
40 25 
40 4 
40 21 
11 40 
11 47 
47 23 
43 47 
47 14 
47 26 
26 23 
47 6 
36 34 
34 49 
34 15 
35 34 
35 13 
34 13 
34 37 
35 37 
32 7 
7 14 
6 7 
7 47 
