100 282
0 846227.8470961242 277931.7271235523
1 663092.7571872812 246305.5341396123
2 672744.4768755973 270186.12237709604
3 614523.1433726997 73700.22944768883
4 375770.18297512253 366012.33920688526
5 464775.3897355501 853811.3023012718
6 256413.35194147506 703571.9807015657
7 373642.45613940706 285993.53097453486
8 344351.7715951876 457265.48377371335
9 838191.5226446976 806246.7071564944
10 986191.2150923084 839083.1678709545
11 799431.8334520871 553491.9083156884
12 681925.6914491626 681524.525792671
13 786917.8870606594 60292.92803059238
14 394115.33828380774 874223.4126233472
15 985188.0104928995 819011.7617053475
16 216700.9993936647 669333.8501244148
17 21443.937621862362 251900.8832194013
18 666222.8393801877 873459.672074486
19 891043.6998583414 767560.9838331437
20 19418.237729774024 357078.10582519096
21 177206.51546087817 550649.9819923731
22 292660.4784614132 658539.7201135564
23 339253.0945973664 102222.79526158785
24 471260.6106359359 568212.3233297133
25 417110.4440677792 41894.31734832005
26 237233.15929016809 882283.1724561191
27 881546.878930813 934899.5672093241
28 354792.7624286984 326069.21180317196
29 534319.6251032094 99698.0642799158
30 125878.87301110779 670366.066081722
31 466072.69342174684 631594.2869367955
32 610445.429406992 687076.936433488
33 260529.10851573906 118400.23856530868
34 709921.299970079 333505.1173663829
35 631617.0472926431 890029.4348531005
36 413666.6280151473 280318.8648746139
37 485810.67019993305 47402.37608468412
38 351579.69409303693 755865.0173864318
39 300236.6381585336 510033.6565712313
40 294806.540765156 576743.4756237608
41 31063.032313919604 351502.6291718262
42 929544.5208229068 638833.3264948062
43 383261.55388070515 384186.95457053586
44 36581.88035908172 328754.14409770165
45 540773.801426091 678951.1017168444
46 178292.1598186238 24421.59308544256
47 4031.6070076243936 445301.48014177685
48 125281.24373695215 874678.3731416728
49 61277.2814368363 157365.17933057714
50 12590.317241948478 872715.5531093505
51 299637.13196746446 244175.03624425217
52 50847.80153077417 770172.8192020361
53 642688.4246373628 263602.35689152323
54 493735.7421153249 210790.13835080195
55 195252.31617638306 357998.19131838816
56 506103.4493881089 197977.56944466216
57 754360.5425306199 482388.44866414944
58 259624.59591536113 428462.2615476771
59 229960.54958462087 911251.908850413
60 38654.497036080706 589414.1130118972
61 881070.4727313542 39325.16805176567
62 822884.0995545081 230816.39907272256
63 968613.7360708781 859338.5241947576
64 351420.47007209784 689275.3655658265
65 4879.6115961687865 722300.2085613707
66 703836.4231639785 859703.5760907456
67 389623.5395455573 970112.3733145437
68 957137.4283307226 490674.1268427499
69 538660.6806522675 770031.1055038921
70 835729.0781691737 10474.797580231732
71 282504.2389651572 141212.7393771495
72 268477.72936663486 733652.9348380414
73 653836.3997334117 218176.32936775143
74 641459.3884714412 575832.5593557843
75 991993.6880884764 470262.584003431
76 996667.7670005541 335388.93235263624
77 678037.4062280656 655128.9729417395
78 963758.8799723859 188067.5255096962
79 810851.9075383075 156078.16196416013
80 456755.3982821165 470895.3569135992
81 886605.6815315546 200266.40984180555
82 464943.65591456386 249354.63215426478
83 132112.24167934444 421158.03309763345
84 555214.8566995697 667673.6320203161
85 254886.0305712476 276244.3495551099
86 780276.6875034026 277250.3921587262
87 489842.7177801132 964918.4833186248
88 717071.6888770637 237134.03163549563
89 26864.197017064995 719049.545800518
90 790838.5241697626 366789.47467105015
91 527473.7734938446 232874.84123189573
92 853403.2508815553 603093.974741932
93 207171.85531232262 322489.89601322584
94 725036.3977343898 874697.4279010497
95 847388.1966966576 977820.574588998
96 43773.62801073936 195897.109977601
97 496273.69720135303 518780.50692261313
98 925744.3328995517 148420.02705401924
99 774574.5815335789 292113.5632781322
10 75 
10 76 
75 76 
75 68 
68 76 
60 65 
60 47 
65 47 
67 87 
67 95 
87 95 
38 69 
38 5 
69 5 
65 52 
65 50 
52 50 
52 48 
48 50 
48 30 
52 30 
75 42 
42 68 
70 25 
70 46 
25 46 
37 25 
37 70 
25 56 
37 56 
33 49 
33 46 
49 46 
49 93 
49 96 
93 96 
93 17 
17 96 
3 37 
3 70 
68 90 
90 76 
52 89 
89 30 
89 65 
89 60 
60 30 
15 75 
15 10 
15 42 
63 15 
63 10 
27 63 
27 95 
63 95 
94 27 
94 95 
69 35 
35 5 
35 87 
87 5 
35 95 
35 94 
27 9 
9 63 
9 94 
38 31 
31 69 
84 31 
84 24 
31 24 
25 23 
23 46 
23 33 
33 85 
85 49 
85 93 
60 21 
21 30 
98 61 
98 78 
61 78 
98 79 
79 61 
37 29 
29 56 
3 29 
73 79 
73 88 
79 88 
1 73 
1 88 
73 29 
73 3 
73 56 
74 84 
74 24 
74 32 
32 84 
26 59 
26 48 
59 48 
59 67 
59 50 
67 50 
14 26 
14 38 
26 38 
14 5 
59 14 
14 67 
14 87 
26 72 
72 38 
72 6 
72 22 
6 22 
72 48 
72 30 
35 18 
18 94 
18 69 
32 18 
32 69 
15 19 
19 42 
19 63 
9 19 
31 45 
45 69 
45 84 
45 32 
64 31 
64 38 
72 64 
64 22 
54 25 
54 56 
54 23 
71 23 
71 51 
23 51 
71 33 
85 71 
85 51 
17 20 
17 47 
20 47 
20 41 
41 47 
93 44 
44 17 
44 20 
44 41 
44 83 
83 41 
83 47 
83 60 
83 21 
6 16 
16 22 
21 16 
16 30 
16 72 
28 85 
28 51 
28 93 
81 98 
81 78 
81 79 
81 76 
78 76 
73 13 
13 79 
13 3 
13 70 
61 13 
61 70 
57 90 
57 68 
32 77 
32 12 
77 12 
74 77 
66 32 
66 12 
66 18 
66 94 
9 66 
9 12 
82 36 
82 23 
36 23 
54 82 
36 43 
82 43 
82 80 
80 43 
55 44 
55 93 
55 83 
7 28 
7 51 
28 36 
7 36 
23 7 
4 36 
4 43 
4 28 
81 62 
62 79 
62 88 
97 74 
97 24 
80 97 
80 24 
57 11 
57 74 
11 74 
11 77 
11 68 
91 82 
91 54 
91 56 
91 80 
73 91 
28 58 
58 93 
58 55 
4 58 
83 58 
58 21 
86 99 
86 88 
99 88 
62 86 
0 81 
0 76 
0 62 
90 0 
0 86 
99 0 
99 90 
34 57 
34 74 
97 34 
34 90 
34 80 
34 99 
34 88 
77 92 
92 12 
11 92 
92 9 
92 19 
92 42 
92 68 
53 73 
53 1 
53 91 
53 80 
53 34 
8 4 
8 43 
8 58 
80 8 
8 24 
2 53 
2 1 
2 34 
2 88 
58 39 
39 21 
8 39 
39 24 
39 40 
40 21 
16 40 
40 22 
40 64 
40 24 
31 40 
