45 123
0 659230.9274406987 924383.6893917314
1 761583.9497556054 174681.22637664474
2 948183.7361743161 180088.98139731266
3 728542.5607369872 139136.3659906566
4 484063.5437383951 549895.7276175543
5 344645.13671313645 721773.724174738
6 384942.9732259966 617650.3216403744
7 83888.89902695917 399833.28261410946
8 97189.9723444145 138480.37743757167
9 540527.8939840194 861343.2089803388
10 407581.6686445209 109067.85363689819
11 908765.5414277292 990326.4436306696
12 482659.4114082473 306489.6546281758
13 572260.3175722515 456353.59370963223
14 244770.5499695315 661118.5595050531
15 988127.6102239683 231413.06720096976
16 101171.11286659386 258052.99433512875
17 331685.4850613965 51615.26697851437
18 575333.9330661134 81421.15342438639
19 285861.12907314673 263158.7530155477
20 164583.7483657431 1917.5910088756743
21 546645.0128255906 590935.3049962829
22 116925.45501423102 104068.07589809797
23 325060.44525891286 866784.4688254349
24 114204.82923320774 720917.827538733
25 429334.2357114239 862428.6864845189
26 235625.2266022044 679273.7002175659
27 48193.61236890907 733963.3891282441
28 778994.7978365917 321125.1382540121
29 538019.125838523 593085.3979459598
30 381450.96381697187 365330.8450503295
31 376959.6547375527 627645.9285760073
32 624088.5861590124 372283.1903863417
33 657267.3001462434 851656.7430054764
34 852456.1800740747 592080.0721418927
35 100647.43783380702 934138.5804485219
36 847080.3635133851 896135.4636939315
37 425535.2618229243 731686.6991434922
38 672662.9521822665 791132.4475573862
39 446063.6956976592 10099.788855279512
40 574894.6066656976 281304.4519195467
41 113026.76798519984 115214.16815772867
42 768974.6257405983 715178.1059168248
43 726857.1875926942 199683.97475268296
44 348139.8421870582 961499.238635192
11 34 
11 15 
34 15 
28 2 
28 15 
2 15 
34 28 
36 34 
36 11 
3 39 
3 2 
39 2 
37 38 
37 9 
38 9 
24 35 
24 27 
35 27 
7 24 
7 27 
14 24 
14 7 
44 0 
44 11 
0 11 
0 9 
44 9 
0 36 
34 42 
34 21 
42 21 
42 38 
38 21 
36 42 
38 36 
8 7 
8 27 
19 8 
19 41 
8 41 
38 29 
29 21 
37 29 
6 29 
6 37 
29 4 
4 21 
6 4 
39 17 
39 20 
17 20 
28 1 
1 2 
1 3 
3 18 
18 39 
23 44 
23 35 
44 35 
24 23 
33 38 
33 36 
0 33 
33 9 
16 19 
16 7 
19 7 
8 16 
22 19 
22 41 
22 17 
17 19 
22 20 
22 8 
8 20 
43 1 
43 28 
43 3 
43 18 
25 37 
25 9 
44 25 
23 25 
25 5 
5 37 
5 23 
31 6 
31 37 
5 31 
6 14 
31 14 
5 14 
5 26 
26 14 
26 23 
26 24 
30 4 
30 6 
19 30 
30 7 
30 14 
17 10 
10 19 
10 39 
18 10 
43 40 
40 18 
40 10 
40 12 
12 10 
12 30 
12 19 
32 43 
32 28 
32 40 
32 34 
32 12 
13 34 
13 21 
13 32 
4 13 
13 12 
30 13 
