40 104
24 33 
24 39 
33 39 
10 4 
10 37 
4 37 
4 34 
10 34 
8 12 
8 36 
12 36 
28 36 
28 26 
36 26 
28 8 
6 25 
6 35 
25 35 
11 25 
11 2 
25 2 
25 13 
11 13 
33 21 
21 39 
25 21 
25 33 
21 13 
13 39 
16 4 
16 34 
31 37 
31 9 
37 9 
10 31 
10 9 
32 10 
32 9 
22 12 
22 35 
12 35 
25 22 
22 33 
22 24 
12 24 
28 15 
15 8 
12 15 
15 35 
35 1 
15 1 
4 20 
4 1 
20 1 
16 20 
25 20 
20 2 
6 20 
15 27 
27 1 
27 28 
27 4 
27 37 
37 26 
27 26 
20 5 
5 1 
5 6 
5 35 
29 20 
29 16 
17 29 
17 16 
29 18 
17 18 
23 29 
23 18 
20 30 
30 2 
29 30 
30 19 
29 19 
17 7 
7 18 
23 7 
23 32 
7 32 
7 16 
7 34 
29 14 
14 19 
23 14 
38 30 
38 19 
38 2 
38 11 
38 13 
32 0 
0 10 
7 0 
0 34 
3 7 
3 34 
0 3 
