15 33
0 857097.815473495 156714.16407456173
1 921949.7298728398 215322.31883403417
2 734919.9566778366 907482.7863263944
3 749076.9593058254 206535.20064030684
4 234034.47633507123 376379.3122951882
5 121732.94958095271 787897.4767997395
6 58178.269692938266 972830.2167685445
7 425465.33863219694 137816.977900592
8 913108.682217331 723708.8794413289
9 352752.5294635566 448646.3469902938
10 764934.4600577067 786400.1111280791
11 916676.4105241238 885384.0973402357
12 995463.3524513241 462479.23644025513
13 962150.0534875289 450508.1872577897
14 9425.849085167525 717863.1664681027
9 4 
9 7 
4 7 
13 1 
13 12 
1 12 
3 9 
3 7 
0 3 
0 7 
1 3 
1 0 
13 3 
5 2 
5 6 
2 6 
5 14 
6 14 
4 5 
4 14 
5 9 
10 5 
10 9 
10 2 
3 10 
10 13 
10 11 
11 2 
8 13 
8 12 
8 10 
11 8 
11 12 
