30 77
0 321108.0552278166 428711.4803101617
1 209473.69241564805 401705.40778087336
2 12643.077278693294 251473.53728581246
3 38534.911366356675 957399.1435274871
4 137548.97931252065 185035.46591731723
5 935793.6849724283 99931.32788749249
6 494437.4601108965 848857.3531559574
7 764121.8318201263 685600.7712915412
8 572134.1304847148 908511.0068335679
9 751657.8494623263 208084.85228860928
10 160051.95797974893 511378.19224723126
11 99623.10332421288 872599.7101998565
12 8376.067941564757 919334.017838089
13 857958.347675608 37830.83772338991
14 499386.45414514915 614879.7907848383
15 465530.91361120524 499584.5619014866
16 159447.7604314324 922118.6241798343
17 207280.27316007114 583263.1086234855
18 291377.95739364857 998762.8374387145
19 597109.7941772275 883520.0255886356
20 758636.7557341926 565032.6297128409
21 756406.3886732914 436645.4839615257
22 134788.49382083624 584249.386075094
23 434135.89069831173 348248.46560978564
24 134342.83087954114 505563.90825363016
25 562571.8231262568 564786.8671515981
26 70686.47531219784 171620.72531549056
27 727143.0541914881 750943.9991406901
28 572547.3272353825 310657.033360257
29 515639.88998269575 975390.5692376359
2 22 
2 12 
22 12 
13 4 
13 26 
4 26 
28 4 
28 13 
4 2 
2 26 
9 13 
9 5 
13 5 
9 28 
18 6 
18 29 
6 29 
2 24 
24 22 
24 10 
10 22 
28 21 
28 25 
21 25 
9 21 
21 5 
19 27 
19 29 
27 29 
7 27 
7 25 
27 25 
27 14 
14 25 
14 6 
27 6 
19 6 
6 8 
8 29 
8 19 
18 16 
16 6 
16 3 
18 3 
23 4 
23 28 
17 14 
17 6 
10 17 
17 22 
0 17 
0 10 
16 17 
1 0 
1 10 
24 1 
23 1 
1 4 
23 0 
1 2 
20 7 
20 25 
21 20 
7 5 
20 5 
22 11 
11 12 
11 3 
3 12 
11 16 
17 11 
15 28 
15 25 
15 23 
14 15 
15 0 
17 15 
