40 104
0 328440.1864939981 135305.86232280105
1 531888.429839963 610713.8355627403
2 931289.997997846 468402.0288446125
3 428375.15742438013 190386.0876129081
4 413039.34083917114 376430.4581748923
5 589115.2196805478 590088.3840364399
6 681253.9038145664 669515.9587958198
7 484350.2988354509 154421.26360198637
8 590290.728580847 985229.0430268779
9 132035.53886285026 17130.478633005874
10 280748.95069926867 131218.09475692236
11 956956.1744545558 535437.634128499
12 652725.212655838 985353.8835260923
13 978143.1776258129 630564.3538046917
14 717423.7429253912 50711.37496856859
15 518387.1124044642 811437.6874545612
16 493164.23432542564 301643.2726477142
17 526367.5846501549 156767.82624611518
18 533768.5836316131 144153.397099437
19 786610.788428947 93157.16662740603
20 588915.678909516 469635.7883584669
21 958518.3710185672 756479.4414902206
22 822445.0352047358 920344.1004680493
23 538706.4280002328 9084.58910992993
24 899168.0876843205 950667.3871379191
25 759097.7074169642 683635.9964947123
26 25122.275011480677 906840.2254702224
27 323442.4834840094 709206.156069025
28 215779.77391284241 874451.9377177766
29 620830.5821984283 174862.87293622526
30 864749.3462800244 320920.44700559083
31 128517.67193048302 140410.8124361909
32 322525.35093417147 1217.8900834103335
33 861740.7930695165 893753.1401010129
34 423646.3777812634 248692.2788243371
35 586516.9618620906 748856.358389177
36 49009.48338294553 996593.2302800801
37 71597.2078229471 274486.9293426201
38 913429.2696801993 254666.95793487827
39 995344.9826786093 800806.8513679901
24 33 
24 39 
33 39 
10 4 
10 37 
4 37 
4 34 
10 34 
8 12 
8 36 
12 36 
28 36 
28 26 
36 26 
28 8 
6 25 
6 35 
25 35 
11 25 
11 2 
25 2 
25 13 
11 13 
33 21 
21 39 
25 21 
25 33 
21 13 
13 39 
16 4 
16 34 
31 37 
31 9 
37 9 
10 31 
10 9 
32 10 
32 9 
22 12 
22 35 
12 35 
25 22 
22 33 
22 24 
12 24 
28 15 
15 8 
12 15 
15 35 
35 1 
15 1 
4 20 
4 1 
20 1 
16 20 
25 20 
20 2 
6 20 
15 27 
27 1 
27 28 
27 4 
27 37 
37 26 
27 26 
20 5 
5 1 
5 6 
5 35 
29 20 
29 16 
17 29 
17 16 
29 18 
17 18 
23 29 
23 18 
20 30 
30 2 
29 30 
30 19 
29 19 
17 7 
7 18 
23 7 
23 32 
7 32 
7 16 
7 34 
29 14 
14 19 
23 14 
38 30 
38 19 
38 2 
38 11 
38 13 
32 0 
0 10 
7 0 
0 34 
3 7 
3 34 
0 3 
