100 282
10 75 
10 76 
75 76 
75 68 
68 76 
60 65 
60 47 
65 47 
67 87 
67 95 
87 95 
38 69 
38 5 
69 5 
65 52 
65 50 
52 50 
52 48 
48 50 
48 30 
52 30 
75 42 
42 68 
70 25 
70 46 
25 46 
37 25 
37 70 
25 56 
37 56 
33 49 
33 46 
49 46 
49 93 
49 96 
93 96 
93 17 
17 96 
3 37 
3 70 
68 90 
90 76 
52 89 
89 30 
89 65 
89 60 
60 30 
15 75 
15 10 
15 42 
63 15 
63 10 
27 63 
27 95 
63 95 
94 27 
94 95 
69 35 
35 5 
35 87 
87 5 
35 95 
35 94 
27 9 
9 63 
9 94 
38 31 
31 69 
84 31 
84 24 
31 24 
25 23 
23 46 
23 33 
33 85 
85 49 
85 93 
60 21 
21 30 
98 61 
98 78 
61 78 
98 79 
79 61 
37 29 
29 56 
3 29 
73 79 
73 88 
79 88 
1 73 
1 88 
73 29 
73 3 
73 56 
74 84 
74 24 
74 32 
32 84 
26 59 
26 48 
59 48 
59 67 
59 50 
67 50 
14 26 
14 38 
26 38 
14 5 
59 14 
14 67 
14 87 
26 72 
72 38 
72 6 
72 22 
6 22 
72 48 
72 30 
35 18 
18 94 
18 69 
32 18 
32 69 
15 19 
19 42 
19 63 
9 19 
31 45 
45 69 
45 84 
45 32 
64 31 
64 38 
72 64 
64 22 
54 25 
54 56 
54 23 
71 23 
71 51 
23 51 
71 33 
85 71 
85 51 
17 20 
17 47 
20 47 
20 41 
41 47 
93 44 
44 17 
44 20 
44 41 
44 83 
83 41 
83 47 
83 60 
83 21 
6 16 
16 22 
21 16 
16 30 
16 72 
28 85 
28 51 
28 93 
81 98 
81 78 
81 79 
81 76 
78 76 
73 13 
13 79 
13 3 
13 70 
61 13 
61 70 
57 90 
57 68 
32 77 
32 12 
77 12 
74 77 
66 32 
66 12 
66 18 
66 94 
9 66 
9 12 
82 36 
82 23 
36 23 
54 82 
36 43 
82 43 
82 80 
80 43 
55 44 
55 93 
55 83 
7 28 
7 51 
28 36 
7 36 
23 7 
4 36 
4 43 
4 28 
81 62 
62 79 
62 88 
97 74 
97 24 
80 97 
80 24 
57 11 
57 74 
11 74 
11 77 
11 68 
91 82 
91 54 
91 56 
91 80 
73 91 
28 58 
58 93 
58 55 
4 58 
83 58 
58 21 
86 99 
86 88 
99 88 
62 86 
0 81 
0 76 
0 62 
90 0 
0 86 
99 0 
99 90 
34 57 
34 74 
97 34 
34 90 
34 80 
34 99 
34 88 
77 92 
92 12 
11 92 
92 9 
92 19 
92 42 
92 68 
53 73 
53 1 
53 91 
53 80 
53 34 
8 4 
8 43 
8 58 
80 8 
8 24 
2 53 
2 1 
2 34 
2 88 
58 39 
39 21 
8 39 
39 24 
39 40 
40 21 
16 40 
40 22 
40 64 
40 24 
31 40 
