65 178
30 0 
30 25 
0 25 
0 47 
0 28 
47 28 
47 30 
4 27 
4 57 
27 57 
27 44 
44 57 
50 0 
50 28 
44 50 
44 28 
50 38 
44 38 
21 35 
21 17 
35 17 
40 37 
40 33 
37 33 
6 4 
6 31 
4 31 
37 12 
37 31 
12 31 
24 39 
24 56 
39 56 
39 40 
40 56 
39 37 
39 12 
12 24 
62 24 
62 56 
62 27 
27 24 
58 18 
58 52 
18 52 
44 45 
45 38 
27 45 
38 5 
45 5 
27 5 
50 11 
11 0 
11 38 
19 35 
19 21 
61 40 
61 33 
59 18 
59 58 
27 63 
63 24 
63 4 
6 63 
20 12 
20 24 
20 31 
32 62 
32 56 
40 32 
32 59 
32 58 
59 40 
62 26 
26 27 
48 26 
48 52 
26 52 
32 26 
26 58 
35 22 
35 2 
22 2 
18 22 
18 23 
22 23 
9 1 
9 41 
1 41 
29 9 
29 41 
64 19 
64 21 
64 29 
64 41 
29 21 
51 48 
51 52 
18 51 
46 29 
46 25 
29 25 
3 38 
3 5 
3 11 
11 34 
34 0 
3 34 
22 7 
7 2 
7 18 
61 15 
15 40 
15 59 
59 2 
15 2 
15 17 
61 17 
35 15 
60 63 
60 6 
60 24 
60 20 
42 6 
42 31 
42 60 
43 26 
43 48 
43 3 
43 5 
27 43 
34 43 
34 48 
8 19 
8 23 
19 23 
22 8 
8 35 
64 16 
16 19 
16 23 
1 16 
16 41 
55 46 
55 14 
46 14 
54 18 
54 23 
54 51 
16 54 
54 1 
54 55 
55 51 
9 54 
55 9 
53 9 
53 29 
46 53 
53 55 
34 13 
13 0 
13 25 
13 46 
13 14 
51 36 
36 48 
36 34 
36 13 
36 14 
36 55 
59 49 
49 18 
49 7 
49 2 
20 10 
10 31 
10 42 
60 10 
