4271
0 1112
0 3145
0 3140
0 3141
0 1
0 3142
0 3147
0 3148
0 3152
0 3138
0 2799
0 2821
0 3139
0 3144
0 3149
0 3150
0 3146
0 407
1 10
1 5
1 6
1 9
1 4
1 580
1 14
1 355
1 11
1 576
1 12
1 7
1 2
1 13
1 8
1 3
2 2133
2 2961
2 2852
2 4245
2 1816
2 606
2 2950
2 838
2 613
2 933
2 1108
2 1005
2 1441
2 1419
2 785
2 600
2 598
3 355
3 2128
4 2678
4 781
4 2799
4 2680
4 1681
4 838
4 1419
4 796
4 785
4 3527
4 2301
4 1141
4 606
4 1442
4 1479
4 3656
4 2672
4 1829
4 1444
4 1895
4 933
4 1468
5 1112
5 3140
5 3141
5 3142
5 3147
5 3148
5 3138
5 2799
5 2821
5 3139
5 3144
5 3149
5 3150
5 3146
6 422
7 781
7 2680
7 1681
7 422
7 838
7 1419
7 796
7 785
7 2986
7 3527
7 2301
7 1141
7 606
7 1442
7 1479
7 3656
7 2672
7 2157
7 1444
7 1895
7 933
7 1468
9 1112
9 1305
9 1306
10 3673
10 1558
10 2623
10 2022
10 838
10 1727
10 1005
10 4075
10 2662
10 1412
10 831
10 1304
10 582
10 3511
10 1733
10 1724
10 1013
10 1563
10 575
10 1409
10 392
10 185
10 2762
10 966
10 1230
10 13
11 1112
11 2129
11 2683
11 2934
11 2136
11 3138
11 1293
11 1306
11 1296
12 392
12 43
13 134
13 392
13 84
14 4221
14 1963
14 2799
14 2365
14 424
14 829
14 1029
14 2792
14 1291
14 2627
14 1819
14 1392
14 703
14 1306
14 2171
14 2789
14 531
14 3722
14 597
14 1442
14 392
14 797
14 4072
14 2943
14 2716
14 2934
14 2815
14 1633
14 1230
14 418
14 484
15 616
15 16
16 355
16 615
16 616
16 617
17 1963
17 4119
17 2179
17 3309
17 3583
17 1852
17 2357
17 417
17 822
17 1200
17 983
17 1043
17 1108
17 1711
17 18
17 431
17 2114
17 2436
18 627
18 624
18 19
18 633
18 622
18 21
18 635
18 23
18 637
18 626
18 628
18 623
18 643
18 636
18 20
18 22
18 634
18 24
18 638
19 787
19 2596
20 3244
20 2598
20 3470
20 2683
20 3724
20 2595
20 1482
20 2606
20 2592
20 2609
20 2604
20 2594
20 643
21 2752
21 2598
21 2660
21 805
21 23
23 621
24 2602
24 2598
24 2606
24 643
25 26
25 3045
25 1563
25 584
26 32
26 27
26 33
26 28
26 34
26 29
26 35
26 30
26 31
28 584
29 3045
29 819
29 584
29 2352
33 1981
33 3372
35 1899
35 1894
35 1707
35 1900
35 2190
35 584
35 1884
35 2415
35 547
35 968
35 1693
35 1108
35 560
36 4245
36 1533
36 805
36 37
36 1759
37 48
37 902
37 838
37 904
37 50
37 895
37 906
37 41
37 43
37 822
37 899
37 45
37 47
37 289
37 51
37 38
37 49
37 40
37 907
37 42
37 44
37 46
37 39
38 2764
38 2748
38 4240
38 1523
38 1524
38 838
38 1759
38 1419
38 1479
38 595
39 3909
39 2821
39 2762
39 746
39 838
40 3984
40 606
40 601
40 838
40 570
40 1468
40 796
40 614
40 597
40 900
40 1363
40 595
41 3984
41 606
41 601
41 838
41 570
41 1468
41 796
41 614
41 597
41 900
41 1363
41 595
42 1899
42 933
43 2821
43 2623
43 838
43 2000
43 1751
43 831
43 1645
43 1163
43 595
43 4191
43 2120
43 1013
43 403
43 1455
43 3856
43 1272
43 1677
43 165
43 1230
43 451
44 2299
44 2755
44 900
44 83
45 2119
45 2130
45 2141
45 2152
45 2821
45 1342
45 2121
45 2132
45 2143
45 2156
45 1168
45 2114
45 2134
45 2145
45 2158
45 2116
45 2127
45 2149
45 2118
45 2140
45 1242
45 2138
45 2129
45 2151
45 2120
45 2131
45 2142
45 1999
45 2144
45 907
45 3053
45 2133
45 2124
45 2157
45 2137
45 2148
45 165
45 2128
45 2139
45 1263
45 1109
46 1468
46 940
47 2821
47 355
47 1425
47 576
47 879
48 3984
48 606
48 601
48 838
48 570
48 1468
48 796
48 614
48 597
48 900
48 1363
48 595
49 591
49 2748
49 4240
49 1523
49 1524
49 355
49 1759
49 1419
49 1479
50 3239
50 4138
50 1445
51 2138
51 2124
51 2975
51 2153
51 326
51 1638
51 2821
51 165
51 900
51 2118
51 1559
51 1242
52 53
53 911
53 54
53 915
53 823
53 913
53 55
54 1013
55 1013
56 57
56 60
56 916
57 990
57 1001
57 926
57 1005
57 967
57 978
57 58
57 929
57 995
57 986
57 973
57 1008
57 946
57 922
57 1012
57 974
57 976
57 952
57 1042
57 987
57 925
57 991
57 989
57 1044
57 476
57 949
57 993
57 1004
57 953
57 1006
57 982
57 955
57 931
57 942
57 944
57 59
57 928
57 972
57 948
57 983
57 932
57 985
57 1040
57 417
57 945
57 921
57 60
57 923
57 1013
57 951
57 927
57 975
57 924
57 979
57 1045
57 475
57 981
57 968
57 992
57 1036
57 941
57 954
57 930
57 1009
57 703
57 958
57 971
57 947
57 1037
57 469
57 1041
57 1039
57 933
57 977
57 988
57 1043
57 1003
58 477
58 1013
58 1029
58 417
58 472
58 478
58 916
58 1202
58 60
59 60
59 916
60 477
60 478
60 916
61 2820
61 62
61 1048
61 1095
62 1056
62 1122
62 644
62 1060
62 1071
62 1216
62 76
62 65
62 1124
62 1073
62 1084
62 1128
62 1139
62 1194
62 1099
62 1154
62 1207
62 1101
62 1090
62 1211
62 71
62 1050
62 1105
62 1063
62 1107
62 1129
62 1208
62 1067
62 1133
62 72
62 1065
62 1069
62 1080
62 1091
62 1135
62 1146
62 1201
62 1212
62 1150
62 710
62 1082
62 1148
62 1214
62 63
62 1086
62 1097
62 1108
62 1152
62 78
62 67
62 1048
62 1059
62 1070
62 1114
62 64
62 436
62 1074
62 1061
62 1072
62 1127
62 1193
62 570
62 1076
62 1087
62 1131
62 68
62 519
62 1078
62 1144
62 838
62 70
62 1199
62 1210
62 1049
62 1093
62 1104
62 787
62 74
62 1051
62 1106
62 1055
62 1066
62 1187
62 1053
62 1057
62 1068
62 1079
62 1123
62 1134
62 1200
62 1213
62 1083
62 1138
62 77
62 1085
62 1096
62 462
62 66
62 1206
62 1100
62 1098
62 1153
62 1047
62 1058
62 1102
62 1157
62 1062
62 1064
62 1075
62 69
62 1145
62 1077
62 1132
62 1143
62 1198
62 520
62 1081
62 1092
62 1147
62 1158
62 1202
62 73
62 790
62 1094
62 1149
62 1215
62 75
62 1054
63 70
64 2165
64 1129
64 1194
64 1135
64 796
64 1141
64 787
65 2197
65 2685
65 2179
65 944
65 2003
65 1214
65 1753
65 1163
65 1905
65 1099
65 3611
66 2197
66 2003
66 3006
67 4075
67 1148
67 1046
67 1149
67 1058
67 70
67 1995
68 440
68 560
69 1011
69 2486
69 2502
69 2481
69 1933
69 2492
69 2513
69 2494
69 1129
69 472
69 1827
69 1202
69 787
70 1074
70 1053
70 1292
70 3006
70 2207
70 1546
70 1050
70 1070
70 1135
70 787
70 1138
70 1133
71 1083
71 2151
71 3335
71 1707
71 936
71 1135
71 787
71 1138
71 1095
71 3337
72 623
72 1083
73 3702
73 520
73 1138
73 1133
75 2197
75 3871
75 1292
75 3056
75 2003
75 2207
75 475
75 1143
75 2192
75 933
75 2182
75 570
75 1158
75 1133
76 3875
76 3871
76 3878
76 3819
76 1013
76 520
76 472
76 1050
76 1187
76 1095
77 2197
77 3871
77 1292
77 3056
77 2003
77 2207
77 1143
77 2192
77 933
77 2182
77 570
77 1158
77 1133
78 2197
78 3871
78 1292
78 3056
78 2003
78 2207
78 475
78 1143
78 2192
78 933
78 2182
78 570
78 1158
78 1133
79 80
79 920
79 1225
79 1733
80 477
80 1237
80 1219
80 1236
80 1226
80 1218
80 1232
80 1234
80 1230
80 1217
80 82
80 1225
80 1235
80 81
81 1733
82 1425
82 2660
82 4075
83 4072
83 3527
83 142
83 1660
83 1468
83 2758
83 144
83 139
83 1242
83 785
83 84
84 838
84 1240
84 87
84 85
84 88
84 86
84 1242
85 1242
85 2114
86 1408
86 838
86 3689
86 2118
86 2140
86 1242
86 2114
88 2982
88 4212
88 4245
88 1395
88 1923
88 2165
88 422
88 838
88 796
88 1467
88 1126
88 600
88 4005
88 2986
88 1124
88 1973
88 1832
88 1242
88 595
88 4002
88 1013
88 1660
88 4006
88 597
88 139
88 4072
88 1662
88 2815
88 4089
88 1226
88 2630
89 983
89 90
90 1303
90 92
90 91
90 93
91 248
91 1302
91 1303
91 1304
91 1305
91 871
91 92
91 2296
91 1301
91 1306
91 103
91 579
92 1303
92 1305
92 1306
93 249
93 248
94 1307
94 95
95 1307
95 1314
95 1309
95 355
95 1308
96 1316
96 1361
96 1631
96 1633
96 452
96 97
96 3261
97 1323
97 1324
97 1319
97 1320
97 1321
97 1322
97 1317
97 1325
97 98
98 703
99 100
100 1439
100 1492
100 355
100 1490
100 101
100 1491
100 102
100 103
101 781
101 1681
101 805
101 838
101 1419
101 1905
101 600
101 3921
101 2660
101 703
101 1678
101 1141
101 593
101 1187
101 2631
101 1669
101 1911
101 1013
101 2003
101 3869
101 1468
101 2753
101 1109
103 4245
103 1001
103 781
103 2077
103 1518
103 1965
103 2165
103 596
103 1474
103 796
103 829
103 4161
103 2737
103 2669
103 2946
103 2968
103 3516
103 1707
103 3298
103 1262
103 1678
103 888
103 1141
103 4260
103 1396
103 3003
103 3652
103 1361
103 2195
103 3368
103 4191
103 4094
103 1515
103 1519
103 2540
103 797
103 599
103 3984
103 2857
103 2969
103 2980
103 1314
103 1928
103 1708
103 1514
103 1120
103 792
104 105
105 1503
105 1498
105 1496
105 1507
105 1500
105 107
105 1366
105 1513
105 1511
105 1447
105 903
105 595
105 705
105 1504
105 1515
105 1495
105 106
105 1510
105 1497
105 1508
105 1499
105 1514
105 1501
105 1512
105 429
105 1505
107 1124
107 3910
107 4015
107 1499
107 497
107 1494
107 2328
107 1640
107 1475
108 1527
108 109
109 1540
109 1527
109 1542
109 1529
109 1533
109 1544
109 1535
109 395
109 1262
109 1528
109 1539
109 1537
109 1543
109 1541
109 1534
109 1532
109 1160
109 1536
110 1570
110 111
111 1591
111 1582
111 1573
111 1516
111 1588
111 1575
111 1586
111 1577
111 1590
111 1581
111 1579
111 1572
111 1583
111 1585
111 1576
111 1587
111 1578
111 1589
111 1580
111 112
111 1571
111 792
111 1254
111 880
112 2147
112 1575
113 114
114 1598
114 1593
114 1594
114 1595
114 1596
114 1597
114 1592
115 1625
115 116
116 1624
116 1604
116 1615
116 125
116 1648
116 1606
116 838
116 127
116 1617
116 1628
116 1630
116 118
116 129
116 1621
116 122
116 1608
116 1619
116 1641
116 1599
116 1610
116 120
116 1643
116 1601
116 1623
116 1161
116 1645
116 1614
116 124
116 126
116 1612
116 1603
116 1625
116 1605
116 1616
116 1607
116 1618
116 117
116 128
116 1609
116 1642
116 119
116 1629
116 447
116 1620
116 1631
116 1611
116 1622
116 121
116 1633
116 1644
116 1602
116 1613
116 123
116 1626
117 1625
117 1599
118 483
119 1625
121 1373
121 1497
121 1293
123 3732
123 3963
123 1514
123 1832
123 129
124 1784
124 1631
125 1601
125 3808
126 3869
127 1625
128 417
128 1631
129 361
130 131
131 1650
131 1653
131 1649
131 132
131 838
131 1162
131 133
131 1651
131 1652
132 600
133 2811
133 4045
133 3503
133 4046
133 4060
133 4094
133 3492
134 135
134 3725
135 1487
135 1654
135 137
135 355
135 136
137 1354
137 1654
138 2716
138 2934
138 1740
138 2623
138 2950
138 2945
138 355
138 955
138 139
138 2803
139 838
139 1661
139 149
139 1663
139 140
139 151
139 142
139 153
139 144
139 155
139 148
139 146
139 1660
139 150
139 152
139 141
139 143
139 1662
139 1664
139 154
139 156
139 145
139 1659
139 147
140 1660
140 151
141 1242
142 3141
142 1894
142 2299
142 2975
142 2821
142 3660
142 2762
142 933
142 900
143 355
143 2755
143 1314
146 1754
146 560
147 710
147 1245
147 1231
147 1105
148 4122
148 2467
148 4119
148 1290
148 4120
148 1911
148 1708
148 1288
148 1344
148 688
149 3516
149 838
149 2623
150 3516
150 838
150 2623
152 2126
152 3142
152 2136
152 2755
152 3660
152 2140
152 1242
153 1412
153 1646
153 2446
155 2980
157 2762
157 158
158 159
158 355
159 2985
159 2762
159 1816
160 1169
160 3480
160 762
160 440
160 161
161 1991
161 1992
161 163
161 1988
161 1990
161 913
161 162
161 1993
162 1169
162 3480
162 762
162 440
163 1169
163 3480
163 762
163 440
164 3673
164 1314
164 1563
164 355
164 165
164 560
166 167
167 181
167 184
167 179
167 180
167 175
167 170
167 183
167 176
167 171
167 172
167 177
167 178
167 173
167 168
167 182
167 174
167 169
170 2116
170 1357
170 3217
174 2116
175 2116
178 3012
178 1707
178 2159
178 1693
178 933
178 1678
178 555
181 2116
183 2116
184 3012
184 1707
184 2159
184 1693
184 933
184 1678
184 555
184 3057
185 193
185 2020
185 191
185 2022
185 1232
185 195
185 186
185 197
185 199
185 188
185 2019
185 190
185 2021
185 192
185 2023
185 194
185 196
185 187
185 198
185 189
186 918
186 1002
186 919
186 2019
186 917
188 2112
188 2019
188 1911
188 3847
188 919
188 2022
188 566
188 1734
188 917
191 2167
191 1707
191 3847
191 702
191 1232
191 570
191 1678
191 958
192 1734
192 3847
192 919
192 2022
192 2019
192 917
193 2019
194 2803
195 2022
195 958
197 3847
197 919
197 2022
197 2019
197 917
197 958
198 2019
198 1233
199 1233
200 201
201 205
201 2026
201 2027
201 208
201 203
201 209
201 204
201 206
201 207
201 202
202 3210
203 1660
203 424
203 891
204 2740
204 4237
204 2680
204 1441
205 208
209 1660
210 211
211 214
211 217
211 213
211 2069
211 215
211 984
211 216
211 212
212 2365
212 3391
212 3142
212 1707
212 2202
212 3047
212 1108
212 1678
212 2961
212 1310
212 1114
212 555
212 1574
212 1882
212 2190
212 1708
212 933
212 462
213 1969
215 492
216 3878
216 1187
217 547
217 1970
218 219
219 235
219 224
219 237
219 226
219 228
219 230
219 232
219 221
219 223
219 2074
219 234
219 225
219 236
219 227
219 231
219 229
219 2073
219 220
219 222
219 233
220 3466
220 301
220 3465
221 3466
221 1272
223 3871
223 3466
223 475
223 1276
223 838
223 4192
223 3043
223 3023
223 1707
223 2202
223 1293
223 1753
223 1645
223 1163
223 1801
223 1275
223 1986
223 1669
223 1013
223 826
223 1277
223 2450
223 936
223 555
223 832
223 3854
223 2527
223 3942
223 1882
223 3460
223 1708
223 2159
223 1226
223 1272
223 1230
223 451
226 3466
226 1276
226 3465
227 1275
228 3211
228 3465
228 4191
228 1362
228 2837
228 1314
228 831
228 1654
228 2186
228 1226
228 1272
228 355
228 4192
228 440
228 1116
228 636
229 231
229 1754
229 2643
229 2776
229 1819
229 451
230 1754
230 2776
230 2643
230 1819
231 2643
231 2776
231 1819
231 2762
231 242
232 1361
232 1799
232 2815
232 1803
232 2767
232 1272
234 778
234 3460
234 3488
234 3461
234 3467
234 1293
234 600
237 778
238 1646
238 1956
238 1474
238 1377
238 239
238 4192
238 2079
238 2783
238 831
238 1163
238 1372
238 1396
238 4191
238 2186
238 1013
238 2078
238 2089
238 355
238 564
238 1486
238 1356
238 2540
238 1314
238 2091
238 1230
239 2097
239 2084
239 2077
239 2099
239 2086
239 838
239 2088
239 2092
239 2079
239 2101
239 831
239 1654
239 2081
239 2083
239 2094
239 2061
239 1372
239 2087
239 2098
239 2096
239 1013
239 2078
239 2089
239 2076
239 2100
239 2093
239 2080
239 2091
239 2095
239 1230
240 241
240 695
241 2280
241 2273
241 2284
241 838
241 2275
241 2286
241 2277
241 2288
241 2279
241 2290
241 2270
241 2281
241 888
241 2272
241 2283
241 2274
241 2285
241 2276
241 2287
241 2278
241 2289
241 2016
241 2269
241 2282
242 1395
242 2777
242 3862
242 4159
242 2015
242 1489
242 1262
242 243
242 1647
242 3855
242 2776
242 1638
242 1510
242 1169
242 1466
242 2016
242 2630
242 440
243 2292
243 2293
243 838
243 2291
243 1296
243 244
244 3975
244 2195
244 3062
244 838
244 392
244 891
245 3962
245 3656
245 4221
245 2621
245 4191
245 246
245 355
245 1645
245 1514
245 3722
245 452
245 1647
245 879
247 1925
247 2939
247 4245
247 3144
247 2900
247 2933
247 2165
247 838
247 942
247 1467
247 796
247 248
247 1393
247 1422
247 1479
248 1546
248 1522
248 2296
248 249
248 2294
248 1479
250 2790
250 731
250 251
250 838
250 1376
250 1501
250 1753
250 576
250 402
250 3689
251 2775
251 2819
251 1518
251 1111
251 2779
251 2781
251 2792
251 2530
251 2796
251 1667
251 2807
251 560
251 2794
251 2798
251 2809
251 2820
251 1563
251 2824
251 2811
251 2782
251 2826
251 1501
251 1756
251 2777
251 2788
251 2799
251 301
251 2803
251 1401
251 406
251 2790
251 2801
251 2805
251 1304
251 2816
251 1031
251 1108
251 1469
251 2818
251 1416
251 2778
251 597
251 1420
251 2780
251 1523
251 2795
251 891
251 598
251 2786
251 2808
251 1657
251 1461
251 2812
251 591
251 2669
251 2814
251 2825
251 2774
251 2829
251 1266
251 2827
251 2776
251 2787
251 355
251 2791
251 2793
251 2804
251 2806
251 2755
251 2821
251 2823
251 2783
251 879
251 2785
251 2789
251 2800
251 1354
251 1409
251 2802
251 2813
251 2817
251 2828
252 3679
252 253
253 2748
253 2831
253 606
253 1524
253 2833
253 1525
253 2834
253 1481
253 595
254 255
255 257
255 3061
255 3062
255 2670
255 355
255 258
255 259
255 260
255 256
256 838
256 4138
257 1442
260 3708
261 262
262 268
262 3226
262 3224
262 3235
262 3239
262 1177
262 270
262 3237
262 3241
262 3228
262 3221
262 3230
262 2191
262 3234
262 272
262 712
262 263
262 274
262 265
262 1176
262 3232
262 3225
262 3236
262 3223
262 3227
262 3238
262 3229
262 267
262 269
262 271
262 273
262 264
262 3231
262 3242
262 3240
262 3013
262 3222
262 3233
262 266
262 1692
269 3240
271 1425
273 705
273 4048
273 838
273 1419
273 1447
273 1678
273 796
275 3818
275 2337
275 2359
275 497
275 1199
275 1500
275 1905
275 710
275 1837
275 2147
275 831
275 459
275 547
275 1194
275 1447
275 1163
275 276
275 2151
275 1013
275 4226
275 1631
275 1226
275 2850
275 429
275 1230
275 1109
276 3257
276 3268
276 3290
276 3301
276 1032
276 3248
276 3259
276 3281
276 3292
276 3303
276 3250
276 3272
276 3305
276 2328
276 1267
276 1859
276 1179
276 996
276 1029
276 3261
276 3283
276 3270
276 3294
276 3252
276 3263
276 3274
276 3277
276 3285
276 3254
276 1837
276 3265
276 3276
276 3298
276 3307
276 3267
276 3300
276 3309
276 3258
276 3287
276 595
276 3256
276 3278
276 3289
276 456
276 3269
276 3280
276 3291
276 3302
276 3260
276 3271
276 980
276 3293
276 3304
276 3284
276 1178
276 1180
276 3282
276 3273
276 3249
276 3295
276 3306
276 3253
276 3264
276 3275
276 3286
276 3297
276 3288
276 3310
276 3279
276 581
276 3308
276 277
276 3266
276 3299
277 602
277 1124
278 279
279 290
279 288
279 838
279 904
279 281
279 895
279 906
279 283
279 285
279 899
279 287
279 289
279 3311
279 280
279 291
279 282
279 907
279 284
279 286
280 1154
280 2143
280 2127
280 820
290 895
292 2950
292 293
293 295
293 294
294 4096
294 794
294 805
294 838
294 796
294 1467
294 787
295 4248
295 2950
296 3457
296 3536
296 1160
296 3452
296 2123
296 297
297 3457
297 3453
297 3448
297 2748
297 3449
297 3454
297 1357
297 3451
297 3452
297 300
297 298
297 3450
297 299
299 3457
299 3454
300 3457
300 3694
300 3454
300 3447
300 2123
301 323
301 312
301 303
301 314
301 325
301 316
301 305
301 319
301 307
301 318
301 309
301 320
301 311
301 302
301 322
301 313
301 324
301 315
301 304
301 306
301 326
301 317
301 308
301 310
301 321
302 2621
302 3381
302 355
302 628
303 1202
303 3467
304 628
306 2531
306 2982
306 2819
306 2788
306 2799
306 1518
306 1419
306 838
306 796
306 2803
306 406
306 2801
306 2986
306 2792
306 2825
306 2660
306 2774
306 1447
306 1108
306 1667
306 879
306 1922
306 595
306 2794
306 1112
306 4112
306 2818
306 2820
306 2789
306 1563
306 1409
306 2604
306 2811
306 2802
306 2813
306 3460
306 2969
306 2793
306 2804
306 1523
306 1928
306 2795
306 2828
306 933
306 1501
306 942
307 1290
307 1001
307 1288
307 1413
307 1919
307 1285
308 948
309 4072
309 3668
309 2165
309 838
309 796
310 2786
310 3949
310 3467
310 1654
310 1413
310 3468
310 355
310 1645
310 2540
311 2786
311 3467
311 3468
311 1413
311 1229
311 355
311 2540
312 2786
312 2755
312 2821
312 2781
312 2792
312 1546
312 2807
312 1469
312 879
312 2827
312 2787
312 1416
312 2809
312 2789
312 2791
312 1420
312 2811
312 2782
312 2793
312 2804
312 2817
312 2828
312 891
314 1887
314 3245
314 3679
314 355
314 628
316 2786
316 3949
316 3467
316 1654
316 1413
316 3468
316 355
316 1645
316 2540
319 778
319 2786
319 3467
319 3468
319 1413
319 355
319 1162
319 2540
320 3475
320 2786
320 3468
320 778
320 591
320 3470
320 3503
320 2638
320 1654
320 3474
320 3465
320 3476
320 3949
320 3214
320 3467
320 3478
320 2305
320 355
320 2540
320 1508
320 1631
320 1413
320 440
322 3245
323 3656
323 3679
323 3245
323 3669
323 1533
323 1708
323 1283
323 838
324 3679
324 3245
325 2985
325 628
326 4188
326 2685
326 1023
326 2623
326 422
326 796
326 1806
326 1555
326 1401
326 4075
326 2367
326 1753
326 1262
326 404
326 2732
326 2945
326 1596
326 3656
326 4072
326 2813
326 2965
326 2762
326 1283
326 1756
326 891
327 328
328 2748
328 2830
328 2831
328 606
328 1524
328 1525
328 1481
328 595
329 330
330 3946
330 3937
330 3928
330 3939
330 3096
330 3926
330 3930
330 3941
330 3932
330 3943
330 3934
330 3945
330 3925
330 3936
330 3927
330 3938
330 3929
330 3931
330 3942
330 3933
330 3944
330 3935
331 332
332 3962
332 4193
332 3958
332 4191
332 2186
332 3014
332 333
332 838
332 1645
332 334
332 564
332 894
332 1455
332 4192
333 4161
333 1419
333 1230
333 1410
334 2186
335 2752
335 838
335 1645
335 4201
335 336
335 787
336 4204
336 4199
336 4200
336 4201
336 4202
336 4203
336 343
336 338
336 838
336 1354
336 340
336 341
336 339
336 342
336 337
336 1095
337 2726
337 2710
337 2016
337 838
337 1468
337 1137
337 796
337 339
338 4201
338 3347
338 2762
338 422
338 805
338 796
338 900
338 895
339 2726
339 2725
339 1137
339 340
339 342
340 2726
340 838
340 1251
340 393
340 1137
341 4221
341 4091
341 2685
341 4075
341 1290
341 1816
341 1556
341 1654
341 1288
341 2762
341 355
341 472
341 593
342 2726
342 2016
342 838
342 1137
344 3596
344 3048
344 2598
344 1290
344 2662
344 3724
344 1813
344 584
344 1288
344 838
344 2609
344 345
344 2604
344 1285
344 3637
344 2718
345 346
345 347
345 355
346 4270
346 3195
346 3197
346 3192
346 3040
346 3200
346 3193
346 3196
346 3201
346 3042
346 672
346 3194
346 587
347 4270
347 3195
347 3197
347 3192
347 3040
347 3200
347 3193
347 3188
347 3196
347 3042
347 672
347 3194
347 3201
347 1453
347 587
348 422
348 409
348 413
348 349
348 437
348 428
348 351
348 410
348 353
348 355
348 412
348 425
348 416
348 414
348 350
348 418
348 429
348 352
348 431
354 497
354 510
354 565
354 490
354 501
354 534
354 503
354 536
354 459
354 514
354 547
354 417
354 472
354 494
354 505
354 538
354 560
354 496
354 507
354 484
354 509
354 542
354 355
354 511
354 566
354 469
354 502
354 557
354 515
354 513
354 535
354 504
354 493
354 537
354 440
354 506
354 508
354 541
355 382
355 358
355 395
355 371
355 399
355 401
355 388
355 361
355 374
355 385
355 402
355 367
355 378
355 380
355 391
355 406
355 364
355 408
355 384
355 397
355 370
355 357
355 381
355 359
355 398
355 387
355 363
355 400
355 376
355 360
355 404
355 393
355 366
355 377
355 379
355 390
355 365
355 394
355 396
355 372
355 383
355 407
355 356
355 369
355 389
355 373
355 375
355 362
355 386
355 392
355 368
355 403
355 405
356 684
356 660
356 739
356 750
356 794
356 805
356 688
356 699
356 754
356 765
356 701
356 677
356 756
356 767
356 461
356 650
356 648
356 661
356 716
356 771
356 769
356 674
356 718
356 729
356 773
356 678
356 744
356 731
356 680
356 656
356 667
356 691
356 735
356 746
356 757
356 812
356 561
356 761
356 816
356 748
356 814
356 697
356 719
356 708
356 752
356 763
356 774
356 818
356 657
356 778
356 710
356 776
356 659
356 646
356 670
356 725
356 736
356 726
356 780
356 740
356 658
356 727
356 738
356 676
356 652
356 663
356 687
356 742
356 753
356 808
356 689
356 755
356 810
356 649
356 715
356 737
356 759
356 770
356 717
356 772
356 655
356 653
356 666
356 721
356 787
356 679
356 723
356 734
356 538
356 694
356 749
356 815
356 685
356 672
356 696
356 751
356 762
356 817
356 645
356 700
356 766
356 764
356 724
356 702
356 713
356 768
356 779
356 673
356 662
356 728
356 781
356 664
356 651
356 675
356 686
356 730
356 741
356 796
356 807
356 690
356 745
356 811
356 743
356 809
356 681
356 668
356 747
356 758
356 813
356 707
356 760
356 654
356 665
356 720
356 709
356 775
356 786
356 669
356 722
356 777
356 671
356 647
356 682
357 1001
357 1483
357 1377
357 1467
357 1454
357 1124
357 1471
357 1352
357 1407
357 1356
357 1367
357 1422
357 799
357 1314
357 1369
357 1424
357 484
357 1450
357 1452
357 446
357 1401
357 1359
357 1403
357 1425
357 1416
357 1482
357 1365
357 1376
357 1486
357 1446
357 1283
357 1472
357 1408
357 1395
357 1406
357 1461
357 1355
357 1410
357 1038
357 1465
357 591
357 1291
357 1357
357 1368
357 1412
357 1423
357 1478
357 1489
357 593
357 1374
357 1451
357 445
357 1455
357 394
357 1391
357 1351
357 572
357 594
357 781
357 1353
357 1364
357 1474
357 1485
357 1366
357 1115
357 1487
357 547
357 1370
357 1392
357 1447
357 558
357 879
357 1396
357 705
357 1288
357 1354
357 1409
357 1488
357 1464
357 1358
357 1411
357 1466
357 1477
357 1371
357 1360
357 1426
357 592
357 1375
358 1553
358 1554
358 1565
358 1558
358 1566
358 1556
358 1551
358 1562
358 1557
358 1552
358 1563
358 1564
358 1559
358 1567
358 1568
358 1569
358 1555
359 1668
360 1754
360 1023
360 1725
360 1736
360 1716
360 1727
360 1738
360 1749
360 1718
360 1751
360 1729
360 1740
360 1731
360 1009
360 1425
360 1742
360 1753
360 1744
360 1755
360 958
360 465
360 1733
360 1724
360 1233
360 1746
360 1385
360 1757
360 1726
360 575
360 434
360 478
360 1748
360 1739
360 1237
360 1759
360 1730
360 1717
360 1728
360 1734
360 1224
360 1750
360 1719
360 1741
360 1752
360 955
360 1501
360 966
360 1732
360 1743
360 1723
360 1756
361 1813
361 1811
361 1824
361 1800
361 1784
361 1760
361 1839
361 1797
361 1762
361 1773
361 1817
361 1841
361 1852
361 1801
361 1854
361 1803
361 1779
361 1790
361 1858
361 1763
361 1792
361 1820
361 1807
361 1514
361 1796
361 1831
361 1780
361 1833
361 1637
361 1782
361 1769
361 1793
361 1848
361 829
361 523
361 1771
361 1850
361 1837
361 1861
361 1810
361 1775
361 1786
361 1865
361 1863
361 1823
361 1799
361 1165
361 1772
361 1827
361 1829
361 1816
361 1840
361 570
361 1765
361 1776
361 1789
361 1844
361 398
361 1802
361 1767
361 1778
361 1846
361 1857
361 466
361 827
361 1806
361 732
361 1808
361 1795
361 1423
361 1513
361 1819
361 1768
361 1834
361 1517
361 1636
361 551
361 1825
361 1812
361 1847
361 828
361 1761
361 1851
361 1838
361 1849
361 1809
361 1787
361 1774
361 1785
361 1798
361 1864
361 411
361 1842
361 1826
361 1791
361 796
361 1828
361 1804
361 547
361 1764
361 1777
361 1788
361 1832
361 1843
361 562
361 1766
361 1845
361 1821
361 705
361 1515
361 1856
361 1794
361 1770
361 1781
361 1805
361 1860
361 1818
361 1783
361 1862
361 1822
361 1164
362 2451
362 2450
362 1656
362 2452
362 402
363 2524
363 2568
363 2579
363 2581
363 2541
363 2585
363 439
363 2545
363 2543
363 2547
363 2558
363 2569
363 2560
363 2082
363 2520
363 2575
363 2564
363 2586
363 2522
363 2577
363 2588
363 2075
363 2526
363 2537
363 2088
363 2539
363 2550
363 2554
363 2565
363 419
363 2556
363 2567
363 1110
363 2571
363 2582
363 1486
363 2529
363 2573
363 2584
363 2544
363 398
363 2531
363 2535
363 2546
363 2557
363 2240
363 693
363 2561
363 2548
363 2552
363 2563
363 2574
363 2085
363 2523
363 2578
363 2576
363 1691
363 2525
363 2536
363 2580
363 2591
363 2540
363 711
363 2527
363 2538
363 1708
363 2542
363 2553
363 2064
363 1285
363 889
363 451
363 2555
363 2559
363 2570
363 1258
363 2572
363 2583
363 2521
363 2587
363 692
363 2534
363 2589
363 1504
363 2549
363 2551
363 2562
363 2038
363 2590
363 2566
364 2619
364 2610
364 2621
364 2601
364 2612
364 2623
364 2592
364 2603
364 2625
364 1005
364 2594
364 631
364 787
364 2614
364 468
364 2627
364 2596
364 2607
364 2618
364 2629
364 2611
364 2609
364 2620
364 1744
364 560
364 628
364 2598
364 2622
364 793
364 2624
364 2604
364 2615
364 632
364 469
364 643
364 2602
364 2593
364 2626
364 1169
364 2595
364 2606
364 2628
364 2597
364 2608
364 2630
364 1140
364 440
364 1131
364 1133
365 2685
365 2678
365 2689
365 2676
365 2700
365 1461
365 2680
365 2691
365 1441
365 2682
365 2702
365 2693
365 2704
365 2684
365 1487
365 2695
365 2675
365 1546
365 2686
365 1262
365 404
365 2699
365 2697
365 2677
365 2688
365 2631
365 2679
365 890
365 2701
365 2703
365 403
365 938
365 2690
365 2683
365 2705
365 2681
365 2696
365 1556
365 2707
365 1468
365 2687
365 1287
366 2773
366 2764
366 2766
366 1419
366 2770
366 1443
366 2768
366 2759
366 2772
366 1645
366 2761
366 2765
366 2767
366 1462
366 2758
366 1442
366 1422
366 2769
366 1290
366 2771
366 1259
366 2762
366 1239
366 1030
366 1468
367 2839
367 2840
367 2835
367 2836
367 2837
367 2838
368 2936
368 2885
368 2896
368 2940
368 2964
368 2975
368 2845
368 2924
368 2898
368 2977
368 2953
368 2988
368 2847
368 2858
368 2902
368 2913
368 2926
368 2937
368 2992
368 2862
368 2915
368 2754
368 2864
368 2875
368 2919
368 2930
368 2954
368 423
368 2879
368 599
368 1171
368 2877
368 2956
368 2932
368 2943
368 2967
368 2716
368 2905
368 2881
368 1752
368 2892
368 2916
368 2971
368 1173
368 2841
368 2894
368 2973
368 2960
368 2984
368 2843
368 2854
368 2909
368 2920
368 2933
368 2856
368 2946
368 2911
368 2922
368 2990
368 2367
368 2895
368 2860
368 2871
368 2950
368 1403
368 529
368 595
368 2763
368 2873
368 2884
368 2939
368 2952
368 2963
368 2974
368 2912
368 2888
368 2899
368 1204
368 2846
368 2890
368 2901
368 2969
368 2980
368 2991
368 2903
368 2982
368 2993
368 2852
368 2863
368 2907
368 2918
368 2929
368 2931
368 2942
368 2867
368 2878
368 1170
368 481
368 2865
368 2986
368 2880
368 2891
368 2935
368 2959
368 2970
368 1172
368 1306
368 2882
368 2961
368 2948
368 2972
368 1174
368 2842
368 2853
368 2886
368 2897
368 2908
368 2921
368 1530
368 2976
368 2987
368 2844
368 2910
368 2978
368 2965
368 2989
368 2848
368 2859
368 2870
368 1413
368 2914
368 2925
368 2938
368 2949
368 2874
368 2861
368 2872
368 2927
368 2951
368 2962
368 2900
368 2876
368 2887
368 2966
368 424
368 2889
368 2957
368 2944
368 2955
368 2968
368 2979
368 2849
368 2893
368 2904
368 2983
368 1141
368 2981
368 2851
368 2941
368 2906
368 2917
368 2985
368 2855
368 2866
368 2945
368 2868
368 1345
368 2923
368 2934
368 2947
368 2958
368 1928
368 2883
368 420
369 3202
369 3175
369 3162
369 1584
369 1311
369 3164
369 3219
369 556
369 3168
369 3179
369 3166
369 3205
369 3170
369 3181
369 3192
369 2056
369 1312
369 3198
369 3209
369 3158
369 3211
369 3160
369 3171
369 3173
369 3001
369 3201
369 3177
369 3188
369 1469
369 3194
369 542
369 3218
369 3207
369 3156
369 3167
369 559
369 3169
369 3180
369 3208
369 2057
369 3184
369 3210
369 3186
369 3197
369 3199
369 3159
369 3203
369 3214
369 3163
369 566
369 3161
369 3200
369 3165
369 3176
369 3187
369 3220
369 572
369 3178
369 3217
369 3182
369 1309
369 3193
369 3204
369 3195
369 3206
369 3155
369 1709
369 1396
369 3157
369 3040
369 3196
369 3172
369 3183
369 3174
369 3185
369 2190
369 3213
369 3189
370 3475
370 3486
370 2786
370 2797
370 3490
370 3466
370 1362
370 3477
370 3459
370 3488
370 3468
370 778
370 591
370 3479
370 3470
370 3481
370 2638
370 3461
370 3483
370 3485
370 1654
370 3463
370 1414
370 3474
370 3465
370 3476
370 3487
370 3214
370 3467
370 3478
370 3480
370 2305
370 3489
370 3458
370 3469
370 3491
370 3460
370 3482
370 3484
370 2632
370 3464
371 4155
371 2731
371 4146
371 4157
371 1657
371 4148
371 2053
371 1551
371 402
371 4159
371 4150
371 4161
371 4152
371 4163
371 879
371 837
371 4154
371 4145
371 4156
371 4158
371 4160
371 403
371 1389
371 4147
371 4149
371 4162
371 4153
371 2278
371 1994
371 4151
371 4164
372 591
372 1416
372 2975
372 3214
372 1490
372 1425
372 1491
373 2755
373 1648
373 2077
373 2086
373 1474
373 1377
373 2081
373 1777
373 1832
373 2840
373 4191
373 1988
373 2043
373 2065
373 2078
373 2089
373 2540
373 1116
373 3962
373 1378
373 2190
375 2110
376 1354
376 4075
377 1574
377 1357
377 3209
377 542
377 1485
377 565
377 559
377 560
377 566
377 1116
377 1692
378 3218
378 1416
378 3214
378 2196
378 3217
378 1518
378 1654
378 3219
378 4092
378 1425
378 1474
378 1377
378 4263
378 1379
378 1116
378 557
378 1396
379 1692
379 1574
379 2167
379 2266
379 1965
379 1357
379 542
379 565
379 538
379 560
379 566
379 1116
379 557
380 3214
381 3043
381 3214
381 3014
381 1293
381 1483
381 1310
381 3167
381 1425
381 1474
381 1485
381 2057
381 787
381 1116
381 1396
382 1001
382 2110
382 838
382 424
382 1654
382 1753
382 1262
382 2182
382 560
382 1887
382 2945
382 3722
382 403
382 2197
382 3603
382 1290
382 2003
382 1919
382 570
382 1285
382 398
383 2986
383 3152
383 1368
383 1468
383 462
384 1261
384 705
385 2727
385 2790
385 2732
387 1654
387 1009
387 1199
387 1230
387 431
387 4021
388 2790
388 2984
388 2621
388 2717
390 2790
390 4221
390 3481
390 2664
390 1593
390 1482
390 1314
390 2077
390 1654
390 2632
390 1753
390 1262
390 1596
390 2753
390 398
391 2748
391 2621
391 1928
391 422
391 1005
392 1282
392 1283
392 893
392 839
392 598
392 870
393 3871
393 3334
393 1340
393 2623
393 1331
393 875
393 1075
393 1350
393 1517
393 3335
393 3819
393 1596
393 564
393 623
393 1422
393 1455
393 1116
393 2278
393 2016
393 1129
393 440
393 3341
393 1067
394 1691
396 2790
396 1811
396 2632
396 1919
396 1376
398 861
398 1228
398 784
398 579
399 2813
399 1895
399 3660
399 1517
399 891
400 1754
400 1023
400 1725
400 1736
400 1727
400 1738
400 1749
400 1751
400 1729
400 1740
400 1731
400 1009
400 1425
400 1742
400 1753
400 1744
400 1755
400 958
400 465
400 1733
400 1233
400 1746
400 1385
400 1757
400 1726
400 575
400 434
400 478
400 1748
400 1739
400 1237
400 1759
400 1730
400 1728
400 1734
400 1750
400 1224
400 1719
400 1752
400 955
400 1501
400 966
400 1732
400 1743
400 1723
400 1756
401 1290
401 1965
401 1813
401 1372
401 2091
401 2520
401 2059
401 1815
401 1518
401 2033
401 795
401 2061
401 1486
402 2447
403 890
404 1385
404 800
404 452
404 797
405 797
405 939
406 1314
406 1654
406 1474
406 566
406 1517
408 3596
408 3607
408 3114
408 1712
408 1703
408 1014
408 838
408 3558
408 4227
408 3538
408 1396
408 3562
408 3447
408 1398
408 3561
408 3605
408 3638
408 1798
411 3963
411 1631
411 685
411 1633
411 1199
411 412
411 1506
411 736
411 1784
411 2290
411 4208
415 838
415 565
415 3862
415 3043
415 2330
415 1357
415 547
415 560
415 1964
415 2435
415 542
415 1772
415 566
415 469
415 1116
415 1574
415 4083
415 416
415 440
415 979
415 1692
417 477
417 530
417 422
417 521
417 528
417 424
417 523
417 532
417 527
417 525
417 483
417 516
417 529
417 518
417 421
417 520
417 531
417 478
417 522
417 533
417 436
417 425
417 524
417 1631
417 438
417 526
417 418
417 429
417 517
417 420
417 519
418 533
418 475
418 421
418 419
418 420
419 2586
420 4242
420 421
420 2849
420 2860
420 1129
421 4223
421 422
421 854
421 445
422 423
422 424
423 2986
423 2946
423 2984
423 4245
423 2913
423 2900
423 4222
423 425
424 4122
424 2706
424 782
425 426
425 427
426 2762
427 2645
427 2900
427 851
427 710
427 831
427 516
427 2358
427 1836
427 1231
427 2800
427 599
427 3251
427 4085
427 2663
427 713
427 2630
427 592
427 440
430 2313
430 2392
430 2368
430 2403
430 2341
430 2317
430 2352
430 2407
430 2330
430 2409
430 2385
430 2396
430 2420
430 2369
430 2334
430 1194
430 2039
430 2345
430 450
430 2424
430 2422
430 2382
430 2347
430 2358
430 2426
430 2437
430 2307
430 2386
430 2439
430 2254
430 2309
430 2388
430 2003
430 2364
430 2375
430 2399
430 2443
430 2348
430 2324
430 2326
430 2337
430 2405
430 2416
430 2427
430 2365
430 2418
430 527
430 1027
430 710
430 2378
430 2343
430 2354
430 2433
430 2444
430 2327
430 595
430 2435
430 2239
430 2316
430 2384
430 2360
430 1231
430 2371
430 2395
430 1827
430 2320
430 2318
430 2397
430 2408
430 1884
430 2357
430 2322
430 438
430 2333
430 2344
430 2346
430 2412
430 2423
430 2335
430 2414
430 2401
430 2425
430 1912
430 2374
430 2350
430 838
430 1199
430 2361
430 2429
430 948
430 2440
430 2387
430 2363
430 2431
430 2442
430 2336
430 2312
430 2323
430 2391
430 2402
430 1834
430 2314
430 2325
430 2380
430 2393
430 2404
430 2415
430 2353
430 2329
430 2340
430 2419
430 1028
430 2377
430 2342
430 2410
430 2421
430 2432
430 713
430 2381
430 2436
430 1285
430 528
430 2434
430 2238
430 2372
430 2359
430 2370
430 2383
430 2394
430 2438
430 2308
430 2319
430 2398
430 1883
430 2356
430 2310
430 2321
430 2332
430 2376
430 2400
430 547
430 558
430 2411
430 1964
430 2413
430 2389
430 705
430 1911
430 2362
430 2349
430 2373
430 2417
430 2428
430 2351
430 2430
430 2406
430 2441
430 2311
430 2379
430 2355
430 2390
430 2445
430 2315
430 431
431 433
431 434
431 435
431 432
433 1474
434 1238
434 956
434 1737
435 3974
435 1963
435 1013
435 831
435 1188
435 822
435 1187
436 439
436 2232
436 437
437 438
437 439
438 1002
438 2331
438 1015
438 2232
438 1964
439 4210
439 1001
439 2579
439 497
439 1507
439 4136
439 1504
439 1288
439 1510
439 1486
439 4215
439 1290
439 1508
439 1285
439 1512
439 1505
440 444
440 442
440 455
440 446
440 457
440 448
440 450
440 441
440 452
440 456
440 443
440 454
440 445
440 458
440 447
440 449
440 451
440 453
441 2165
441 1468
441 2137
445 1169
445 2900
445 476
445 1425
445 1490
448 1230
448 549
449 549
450 1169
451 869
451 1163
452 2304
452 459
452 826
452 454
452 784
452 472
452 844
452 1241
452 1756
453 844
454 2643
454 1122
454 826
454 838
454 933
454 472
455 1416
455 2755
455 3220
455 1537
455 542
455 1425
455 1140
455 560
455 623
455 1756
456 4012
456 497
456 838
456 1104
456 4256
456 1029
456 3261
456 1124
456 4240
456 3201
456 547
456 1447
456 1678
456 2732
456 593
456 507
456 595
456 4002
456 2985
456 3982
456 4006
456 2815
456 1708
456 1413
456 484
456 594
456 1100
457 3852
457 1814
457 831
457 459
458 782
459 468
459 464
459 460
459 466
459 461
459 467
459 462
459 463
459 465
460 3852
460 1013
460 1226
460 2630
460 1163
461 644
462 2183
462 2205
462 2108
462 911
462 2163
462 2174
462 2196
462 2207
462 1111
462 1122
462 1573
462 1036
462 2165
462 1102
462 1113
462 2187
462 2189
462 2198
462 1104
462 2209
462 2167
462 2178
462 2200
462 2180
462 1676
462 831
462 2202
462 2182
462 2204
462 1163
462 2173
462 2206
462 1099
462 3855
462 1112
462 553
462 2193
462 2162
462 2184
462 2195
462 3852
462 2105
462 1143
462 1013
462 2186
462 2208
462 2177
462 2199
462 2210
462 1486
462 566
462 1105
462 2197
462 2188
462 552
462 2179
462 2190
462 2201
462 1257
462 2159
462 2170
462 1226
462 2181
462 2192
462 2203
462 2194
462 2630
462 598
463 3871
463 3039
463 2643
463 2337
463 1276
463 1199
463 697
463 3393
463 983
463 778
463 710
463 3309
463 776
463 831
463 1163
463 1801
463 1275
463 1647
463 595
463 2358
463 1013
463 555
463 1202
463 1662
463 3856
463 1798
463 2630
463 1468
463 1230
464 4245
464 1199
464 3974
464 3857
464 831
464 1154
464 1187
464 2105
464 1013
464 4215
464 3275
464 3856
464 1631
464 1600
464 1514
464 2630
464 1208
464 1230
465 477
465 3871
465 475
465 884
465 2167
465 1707
465 831
465 1009
465 1163
465 1013
465 3856
465 1224
465 3869
465 1226
465 702
465 2630
465 1208
465 1230
467 1013
467 1891
467 1226
467 2365
468 2183
468 2205
468 2108
468 911
468 2163
468 2174
468 2196
468 2207
468 1122
468 1573
468 2165
468 1036
468 2187
468 1102
468 2198
468 2189
468 1104
468 2209
468 2167
468 2178
468 2200
468 2180
468 1676
468 831
468 2202
468 2182
468 2204
468 1163
468 2173
468 2206
468 1099
468 3855
468 2193
468 2162
468 2184
468 2195
468 3852
468 2105
468 1143
468 1013
468 2186
468 2208
468 2177
468 2199
468 2210
468 1486
468 566
468 1105
468 2197
468 2188
468 2179
468 2190
468 2201
468 1257
468 2159
468 2170
468 1226
468 2181
468 2192
468 2203
468 2194
468 2630
469 831
469 471
469 822
469 470
471 3043
471 1293
471 2165
471 547
471 2187
471 1678
471 796
471 536
472 477
472 475
472 479
472 481
472 483
472 474
472 1154
472 476
472 478
472 482
472 480
472 473
473 3495
473 3508
473 3501
473 3499
473 3492
473 1463
473 3505
473 994
473 3503
473 3496
473 3494
473 1460
473 3507
473 3498
473 3500
473 482
473 3502
473 3506
473 3504
473 3497
474 1013
474 478
474 1225
474 958
475 2439
475 2435
475 1007
475 1013
475 826
475 1226
475 483
476 867
476 530
476 1951
476 1038
477 518
477 1224
477 1013
477 918
477 1220
477 1223
477 1221
477 1222
477 916
477 1202
477 1029
478 1013
478 1748
478 1021
478 916
478 1202
478 1029
479 3871
479 3921
479 3923
479 1515
479 497
479 1013
479 2267
479 547
479 933
479 1514
479 3863
480 3871
480 3921
480 3923
480 1515
480 497
480 1013
480 2267
480 547
480 933
480 1514
480 3863
481 1013
481 1963
482 3495
482 3508
482 3501
482 3499
482 3492
482 1463
482 3505
482 994
482 3503
482 3496
482 3494
482 1460
482 3507
482 3498
482 3500
482 3502
482 3506
482 3504
482 3497
483 849
483 1013
483 826
483 616
484 485
484 487
484 488
484 490
484 489
484 491
484 486
485 1879
485 1890
485 1901
485 1934
485 1256
485 1945
485 1956
485 937
485 1005
485 1905
485 1960
485 1892
485 1958
485 1707
485 1907
485 1918
485 1962
485 1973
485 1922
485 1909
485 1920
485 1975
485 1869
485 1880
485 1924
485 1935
485 1979
485 1116
485 1871
485 1882
485 1103
485 1937
485 1886
485 1118
485 1941
485 1952
485 1888
485 1899
485 1954
485 1903
485 1914
485 1969
485 1916
485 1927
485 1982
485 1665
485 525
485 1876
485 1931
485 1986
485 1878
485 1933
485 1944
485 1255
485 1627
485 1893
485 1948
485 1946
485 1829
485 1906
485 1950
485 1961
485 1910
485 1976
485 1963
485 1868
485 1923
485 1967
485 838
485 1978
485 1872
485 1925
485 1980
485 1874
485 1885
485 1940
485 1951
485 1744
485 1889
485 1887
485 1942
485 1953
485 1891
485 1902
485 1968
485 1904
485 1959
485 1919
485 1974
485 572
485 1166
485 1921
485 1932
485 1987
485 1870
485 1881
485 1936
485 1947
485 1883
485 1894
485 1938
485 1949
485 703
485 1447
485 1898
485 1024
485 1900
485 1911
485 1966
485 1977
485 1915
485 1926
485 1981
485 830
485 524
485 1873
485 1928
485 1939
485 933
485 1877
485 1943
486 3026
486 2152
486 1813
486 3030
486 2352
486 688
486 3032
486 3043
486 1124
486 1707
486 3047
486 3058
486 3005
486 1458
486 3060
486 1669
486 3009
486 3020
486 3007
486 3011
486 3033
486 3037
486 1514
486 3028
486 3039
486 3050
486 3052
486 3001
486 3012
486 3056
486 3016
486 595
486 3003
486 1361
486 3018
486 3029
486 2661
486 3031
486 3035
486 3046
486 570
486 1472
486 1459
486 3048
486 3008
486 838
486 2429
486 1289
486 948
486 1421
486 2999
486 3010
486 3014
486 3025
486 1678
486 3038
486 3027
486 2415
486 3042
486 1519
486 1123
486 555
486 3000
486 3044
486 1708
486 3004
486 3059
486 1285
486 3057
486 3006
486 3017
486 2143
486 2187
486 785
486 3019
486 1366
486 3023
486 1894
486 3034
486 3045
486 1392
486 1447
486 3036
486 2151
486 705
486 3051
486 1143
486 1288
486 1464
486 2998
486 3053
486 2113
486 3002
487 3015
487 4194
487 4195
487 2415
487 4191
487 1390
487 4198
487 1293
487 838
487 703
487 1645
487 4196
487 4197
487 3057
488 4265
488 4267
488 4269
488 838
488 1881
488 1313
488 787
488 1124
488 4262
488 3014
488 1260
488 4260
488 4264
488 4266
488 3368
488 1669
488 1572
488 1682
488 4268
488 4270
488 4083
488 4261
488 2058
488 1708
488 1514
488 570
488 1382
488 4263
489 3048
489 1001
489 3008
489 596
489 838
489 2429
489 796
489 3382
489 1124
489 1366
489 589
489 1392
489 1645
489 1678
489 593
489 879
489 595
489 2193
489 1361
489 4136
489 738
489 1515
489 1288
489 1290
489 3004
489 1514
489 1468
489 570
489 1285
490 492
491 3296
491 1814
491 531
491 499
491 498
492 2069
494 495
495 510
495 513
497 499
497 500
497 498
498 2631
498 3679
498 3039
498 3040
498 3852
498 1013
498 826
498 1199
499 3295
499 2387
499 4230
500 4226
500 551
500 535
500 851
505 3596
505 1707
505 1974
505 560
510 3218
511 512
512 534
514 2105
516 3860
516 3871
516 3882
516 3893
516 3873
516 3895
516 2579
516 3864
516 3897
516 1694
516 3862
516 3884
516 3853
516 3875
516 3886
516 3866
516 3877
516 3888
516 3899
516 3857
516 3868
516 3890
516 831
516 1271
516 1009
516 1163
516 3891
516 3879
516 3855
516 3859
516 2673
516 3881
516 3892
516 3861
516 3872
516 2105
516 1394
516 3883
516 3643
516 3852
516 3885
516 1013
516 3894
516 1510
516 1475
516 1202
516 3863
516 3874
516 3896
516 3854
516 3865
516 3887
516 3898
516 3876
516 3856
516 3878
516 3889
516 1270
516 3869
516 2650
516 1633
516 2630
516 1505
516 3867
516 3858
516 3880
517 1361
517 585
517 3984
519 3370
519 2961
519 1892
519 1006
519 3445
519 1214
519 931
519 1905
519 546
519 1003
520 789
521 776
521 839
521 1801
521 557
522 548
522 1799
522 1670
522 783
522 1014
522 844
522 850
524 1971
524 1972
526 2066
527 1963
527 1497
527 1966
527 2327
527 1038
527 1028
528 2435
528 1963
528 1497
528 2657
528 558
528 564
528 967
528 1038
528 1028
528 3862
529 2863
529 2869
529 2139
529 2630
529 1154
530 2435
530 1014
530 531
530 967
530 1202
531 1963
531 4223
531 1868
531 1014
531 1029
531 3974
531 1883
531 2327
531 2105
531 551
531 1013
531 564
531 1211
531 3856
531 3288
531 713
532 854
533 2105
533 3260
533 854
533 2630
533 1154
538 539
538 540
539 3043
539 1669
539 838
539 688
539 4092
540 4270
540 3910
540 3981
540 781
540 2815
540 1708
540 838
540 1468
540 4260
540 1325
540 595
542 2169
542 543
542 933
542 544
542 555
542 545
542 546
543 3370
543 3372
543 3367
543 3373
543 3368
543 3219
543 3374
543 3369
543 3375
543 3014
543 563
543 3371
543 1311
543 787
544 3219
544 1314
544 3220
544 838
544 933
545 2540
545 1593
545 2755
545 1314
545 3217
545 3220
545 556
545 1362
545 566
545 572
545 628
546 3043
546 933
546 1108
546 560
546 566
546 1116
546 3052
547 554
547 556
547 549
547 553
547 551
547 555
547 548
547 933
547 550
547 552
548 1679
548 1712
548 1714
548 838
548 1672
548 1694
548 1705
548 1683
548 1674
548 1696
548 1707
548 1676
548 1687
548 1117
548 822
548 1698
548 1678
548 1689
548 1711
548 1163
548 1680
548 1713
548 1700
548 1361
548 1011
548 1669
548 1702
548 826
548 1671
548 1704
548 936
548 1715
548 1673
548 1684
548 1706
548 1116
548 1697
548 1701
548 1695
548 1675
548 1686
548 1677
548 1699
548 1208
548 1710
548 1690
548 825
549 2247
549 2130
549 2141
549 2152
549 2196
549 2207
549 2251
549 1573
549 2262
549 2260
549 2156
549 2211
549 2209
549 2264
549 2147
549 2158
549 2169
549 2213
549 2224
549 2118
549 560
549 2173
549 2171
549 2226
549 2109
549 2120
549 2131
549 2175
549 2186
549 2230
549 2241
549 2252
549 2135
549 2256
549 1105
549 2133
549 2188
549 2243
549 2254
549 2137
549 2148
549 2192
549 2203
549 2214
549 2258
549 2126
549 2205
549 2216
549 2110
549 1342
549 2154
549 2165
549 2220
549 2231
549 2024
549 2114
549 2112
549 2167
549 2178
549 2222
549 2233
549 1676
549 2116
549 2127
549 2182
549 2237
549 2248
549 2129
549 2184
549 2195
549 2250
549 2261
549 1999
549 2144
549 2199
549 2210
549 2265
549 1486
549 2197
549 2146
549 2122
549 2157
549 2201
549 2212
549 2223
549 2267
549 2106
549 2161
549 2227
549 2108
549 2119
549 2163
549 2174
549 2218
549 2229
549 838
549 2123
549 2189
549 2244
549 1104
549 2176
549 2242
549 2136
549 2180
549 2202
549 1885
549 2246
549 2257
549 2140
549 2206
549 2138
549 2193
549 2259
549 2142
549 2153
549 2164
549 2208
549 2219
549 2263
549 2155
549 2221
549 1257
549 2159
549 2170
549 2181
549 2225
549 2236
549 2172
549 2183
549 2238
549 2121
549 2132
549 2143
549 2187
549 2198
549 2253
549 1168
549 941
549 2134
549 2145
549 2200
549 1894
549 2255
549 2266
549 2149
549 2160
549 2204
549 2215
549 2268
549 2107
549 2151
549 2162
549 2217
549 2228
549 1143
549 2111
549 2177
549 2232
549 907
549 1662
549 2124
549 2168
549 2179
549 2190
549 2234
549 2245
549 1666
549 2128
549 2139
549 2194
549 2249
549 1109
550 2187
550 3072
550 1627
551 933
551 938
552 2206
552 3043
552 1707
552 1965
552 2278
552 3014
552 2815
552 933
552 1392
552 1514
552 936
552 671
552 1865
552 2016
552 1379
552 3095
553 1965
553 1379
553 3043
553 1707
553 3014
553 1392
553 1865
553 2206
553 936
553 3095
553 731
553 2815
553 2278
553 2016
553 933
553 1514
553 671
554 4215
554 2719
554 2726
554 2721
554 2716
554 2711
554 2722
554 2717
554 2885
554 2724
554 1514
554 2720
554 1865
554 2725
554 2736
554 797
554 2723
555 1109
555 933
555 602
555 936
555 937
555 3024
555 938
555 893
556 569
556 933
556 866
556 938
557 3497
557 558
557 559
558 1463
558 1460
559 994
559 997
560 563
560 562
560 564
560 561
562 1677
563 1677
563 866
564 1574
564 1377
564 566
564 1116
566 569
566 572
566 568
566 570
566 571
566 567
567 1996
567 2003
567 1998
567 1999
567 1994
567 838
567 1995
567 1167
567 2000
567 2001
567 2002
567 787
567 1105
567 595
567 1997
568 1274
568 3023
568 3217
568 1013
568 831
568 1272
568 838
568 936
568 1645
568 1230
568 1108
568 1163
569 1883
569 1952
569 1154
570 1111
570 596
570 611
570 600
570 591
570 1115
570 1117
570 1108
570 1119
570 593
570 1121
570 782
570 595
570 1112
570 597
570 839
570 599
570 1116
570 1118
570 592
570 1120
570 594
570 605
571 4060
571 3041
571 3261
571 4077
571 2660
571 4240
571 703
571 1526
571 1363
571 4132
571 1984
571 2906
571 1827
571 599
571 1116
571 1325
571 3262
571 4085
571 4270
571 4098
571 2969
571 999
571 592
571 1985
572 1361
572 1362
572 601
572 1293
572 1117
572 613
572 1108
572 1360
572 1119
572 1363
572 1292
572 1116
572 590
573 574
575 884
576 580
576 581
576 582
576 577
576 583
576 578
576 579
578 682
579 1887
579 3769
579 2947
579 2662
579 2660
579 1395
579 2762
579 838
579 1468
579 597
580 2660
582 3904
582 2660
582 602
583 851
585 1121
585 1984
585 3055
586 3048
586 2183
586 3039
586 4267
586 838
586 587
586 3195
586 2055
586 1124
586 3012
586 3014
586 1108
586 1678
586 4260
586 3042
586 1310
586 1123
586 936
586 1486
586 1455
586 2179
586 2058
586 1677
587 3200
588 610
588 589
588 606
588 601
588 613
588 608
588 603
588 614
588 609
588 611
588 612
589 599
589 591
589 598
589 596
589 597
589 592
589 593
589 594
589 600
589 595
589 590
590 591
590 4002
590 594
591 1316
591 1478
591 613
591 1480
591 1121
591 1363
591 606
591 597
591 1479
591 601
591 614
591 1481
592 595
592 598
593 595
594 597
594 595
595 607
595 1316
595 1111
595 596
595 1322
595 609
595 851
595 611
595 600
595 1520
595 798
595 1524
595 1522
595 1480
595 1526
595 782
595 604
595 1481
595 1121
595 1112
595 1363
595 606
595 597
595 1521
595 1120
595 1479
595 599
595 1358
595 1400
595 1523
595 601
595 1525
595 614
595 605
595 598
596 861
596 844
597 4096
597 861
597 2810
597 598
598 1112
598 1120
598 4221
598 4078
598 1478
598 613
598 608
598 599
598 612
599 861
599 604
599 782
600 861
600 2760
600 2600
600 1520
600 851
600 782
601 4098
601 602
601 603
601 604
601 605
601 4097
602 3913
602 3924
602 3915
602 1998
602 794
602 838
602 796
602 3917
602 3919
602 3252
602 3866
602 3921
602 2662
602 1291
602 3923
602 3914
602 3912
602 3916
602 3918
602 3909
602 3920
602 3911
602 3922
602 2815
602 2016
602 1677
602 2064
603 2630
604 3039
604 1001
604 3513
604 2165
604 3042
604 1832
604 1360
605 2630
605 782
606 607
607 2748
607 2830
607 2831
607 1524
607 1525
607 1481
608 4094
613 4097
613 4098
614 4094
617 618
618 2105
618 854
618 1922
619 3470
619 622
619 2594
619 620
619 626
619 621
619 643
619 638
619 628
620 624
620 3470
620 622
620 2632
620 2609
620 643
620 815
620 636
624 625
625 4202
628 632
628 1654
628 629
628 630
628 631
629 3852
629 2762
629 1413
629 2632
629 1229
630 1657
630 4245
630 3918
630 1005
630 3604
631 1654
632 882
632 3470
632 1708
638 639
638 641
638 642
638 640
640 643
642 787
642 643
642 1133
644 3694
644 3048
644 3023
644 911
644 1123
644 1004
644 1251
644 3583
660 2105
660 2630
668 2105
682 683
683 731
683 2623
683 1005
691 692
691 693
692 1362
693 2526
693 1362
694 695
695 3334
695 3347
695 838
695 1135
695 1839
695 875
695 3362
695 1335
695 1181
695 2015
695 1645
695 879
695 2017
695 727
695 3722
695 1422
695 3337
695 887
695 2771
695 1862
695 2278
695 1633
695 2016
695 3341
695 1450
697 698
698 4171
698 4166
698 4172
698 4167
698 4173
698 4174
698 4169
698 4165
698 4168
698 4175
698 4170
702 4083
702 2112
702 3027
702 4068
702 705
702 1911
702 706
702 1912
702 703
702 704
703 1000
703 3497
703 959
703 997
703 998
703 999
703 996
705 1458
705 3497
705 1457
705 1459
705 1460
706 851
706 4056
706 2661
708 721
710 711
710 712
711 2439
711 3852
711 831
711 1013
713 714
714 1154
730 1154
731 732
731 733
733 846
742 1154
746 3690
770 1154
781 2058
781 783
781 2057
781 784
781 785
781 782
782 4076
782 4087
782 4115
782 3041
782 4117
782 4093
782 4104
782 4128
782 1124
782 4077
782 1445
782 1896
782 4130
782 4079
782 4134
782 4094
782 1035
782 1484
782 2758
782 3262
782 4096
782 4072
782 4083
782 4107
782 2815
782 3596
782 4113
782 4135
782 3039
782 2733
782 4100
782 4137
782 4075
782 4086
782 4141
782 2660
782 1982
782 1363
782 4143
782 1984
782 4103
782 4105
782 4092
782 4116
782 4120
782 4131
782 1444
782 4122
782 4109
782 4133
782 4144
782 4082
782 838
782 1355
782 3261
782 4084
782 4071
782 4095
782 4106
782 4110
782 4101
782 4088
782 4099
782 4112
782 4127
782 2635
782 4074
782 4085
782 4129
782 4140
782 4089
782 1468
782 1985
782 1285
782 2185
782 4142
782 4118
782 4091
782 4078
782 4102
782 1932
782 796
782 785
782 4080
782 4108
782 4119
782 3045
782 1894
782 4121
782 4097
782 4132
782 4081
782 4136
782 1981
782 4138
782 4114
782 4098
782 1917
782 1983
782 4111
783 838
783 1468
784 3516
784 821
784 1633
784 1546
784 1645
785 2058
785 876
785 850
785 877
785 791
785 875
786 2057
786 2058
787 789
787 791
787 793
787 790
787 788
787 792
788 2752
788 3062
788 1129
788 792
788 1133
789 2752
789 1066
789 1122
789 805
789 1468
789 1135
789 895
789 1138
790 1167
790 1046
791 3335
791 3347
791 1252
791 1519
791 838
791 1514
791 1367
791 1137
791 3337
792 2752
792 1364
792 805
792 1584
792 1141
793 1075
793 2752
794 795
795 2029
795 2051
795 2062
795 1835
795 2042
795 838
795 2033
795 2044
795 1815
795 2035
795 1379
795 2055
795 2046
795 2037
795 2048
795 2059
795 2052
795 2028
795 2039
795 2050
795 1264
795 2030
795 2041
795 2063
795 2032
795 2043
795 2054
795 1310
795 2047
795 2045
795 1486
795 2065
795 1455
795 2034
795 2036
795 2038
795 2049
795 2060
795 2031
795 2064
795 2040
796 798
796 800
796 804
796 802
796 797
796 799
796 801
796 803
797 2740
797 2709
797 2742
797 2711
797 2722
797 2744
797 2755
797 1518
797 2713
797 2724
797 2746
797 2757
797 939
797 1029
797 2735
797 2715
797 2726
797 2737
797 2717
797 2728
797 2739
797 1423
797 2750
797 1546
797 2708
797 800
797 2741
797 1480
797 2732
797 2719
797 2730
797 2752
797 2710
797 2721
797 2743
797 2754
797 2712
797 2734
797 2745
797 2725
797 2736
797 2723
797 2756
797 2714
797 2716
797 2727
797 2749
797 2729
797 2751
797 1424
797 933
797 1853
797 2720
797 1393
797 2753
797 2718
798 1124
798 1467
799 2746
799 803
800 2719
800 2714
800 2752
800 2715
800 2711
800 2749
800 2712
800 2739
800 2750
800 2713
800 2751
800 2720
800 1135
800 2753
801 4138
802 4109
802 3516
802 2165
802 805
802 1468
802 934
802 1467
802 900
803 804
803 934
804 3521
804 934
805 806
806 900
806 4220
814 1654
820 2986
820 3138
820 1181
820 1154
821 1108
822 827
822 829
822 836
822 831
822 833
822 824
822 835
822 837
822 826
822 828
822 830
822 832
822 823
822 834
822 825
825 1396
825 1669
826 831
826 1014
826 1462
826 1205
828 4045
828 1124
828 2261
828 1310
828 1514
828 1178
828 1285
828 3863
829 1124
829 2630
829 851
830 831
831 1032
831 1025
831 2103
831 1031
831 2105
831 1394
831 1035
831 2102
831 2104
831 1030
831 1010
832 1014
832 844
833 846
834 3684
835 950
836 1188
838 860
838 871
838 875
838 886
838 873
838 877
838 888
838 890
838 839
838 850
838 894
838 852
838 867
838 856
838 878
838 882
838 869
838 884
838 846
838 857
838 861
838 848
838 859
838 863
838 874
838 865
838 876
838 880
838 891
838 893
838 842
838 853
838 840
838 844
838 855
838 866
838 870
838 872
838 883
838 887
838 885
838 845
838 889
838 849
838 847
838 851
838 862
838 864
838 868
838 879
838 881
838 892
838 841
838 843
838 854
838 858
839 1274
839 1276
839 1298
839 1300
839 1247
839 1159
839 1245
839 1278
839 1249
839 1293
839 1251
839 1273
839 1284
839 1275
839 1286
839 1244
839 1277
839 1288
839 1299
839 1246
839 1279
839 1158
839 1292
839 1290
839 1281
839 1250
839 1261
839 1248
839 1272
839 1285
840 1349
840 1252
840 1331
840 1342
840 1333
840 1344
840 1346
840 1337
840 1335
840 1348
840 1339
840 1350
840 1330
840 1341
840 1253
840 1334
840 1336
840 1347
840 1338
840 878
840 1329
840 1131
841 2004
841 883
842 2297
843 2304
843 2299
843 2306
843 2301
844 2652
844 2656
844 2643
844 2667
844 2658
844 2645
844 1397
844 2649
844 2647
844 2651
844 2660
844 2642
844 2640
844 2653
844 1229
844 1425
844 1196
844 2666
844 2664
844 2646
844 2657
844 2644
844 2655
844 2668
844 1836
844 1440
844 2648
844 2659
844 2641
844 2639
844 2654
844 2665
845 2994
845 2996
845 2997
845 2995
846 3070
846 3081
846 3136
846 3096
846 3085
846 3098
846 3109
846 3113
846 1205
846 3071
846 3115
846 3126
846 3075
846 3130
846 3128
846 3077
846 3088
846 3132
846 1314
846 1380
846 3092
846 3090
846 3094
846 1965
846 3105
846 3116
846 3107
846 3067
846 3111
846 3122
846 3133
846 3137
846 3069
846 3124
846 3135
846 3073
846 3084
846 3086
846 3097
846 3101
846 3112
846 3103
846 3063
846 3118
846 3129
846 3065
846 3120
846 3131
846 3014
846 3080
846 3091
846 3082
846 3093
846 3108
846 3095
846 3099
846 3110
846 3121
846 3125
846 3072
846 3083
846 3127
846 3087
846 3074
846 3078
846 3089
846 3100
846 1381
846 3104
846 3102
846 1515
846 3106
846 3117
846 3066
846 3064
846 3119
846 2857
846 3068
846 3079
846 3123
846 3134
846 1175
847 3332
847 3354
847 3365
847 3312
847 3323
847 3334
847 3345
847 3356
847 3314
847 3325
847 3336
847 3347
847 1331
847 3338
847 3329
847 1137
847 3358
847 3316
847 3327
847 3349
847 3360
847 3318
847 3340
847 3351
847 3362
847 3331
847 1181
847 2015
847 3342
847 3364
847 3355
847 3320
847 3353
847 3322
847 3333
847 3344
847 3366
847 3313
847 3324
847 3335
847 3346
847 3357
847 3326
847 3348
847 3359
847 3317
847 3350
847 3315
847 3337
847 3328
847 3339
847 3361
847 3319
847 3330
847 3352
847 3363
847 3321
847 3343
847 2016
847 1263
847 3341
848 3443
848 3444
848 2003
848 1482
848 3445
848 3446
848 1654
849 3736
849 1013
849 1293
849 1633
849 1784
850 3908
850 3903
850 3905
850 3904
850 1695
850 3906
850 1034
850 1670
850 3902
850 1681
850 1685
850 3900
850 3901
850 3907
851 3981
851 4049
851 4025
851 4036
851 4060
851 3985
851 1126
851 1192
851 3983
851 4038
851 3987
851 3998
851 4053
851 4000
851 4055
851 4066
851 4039
851 4004
851 4015
851 4017
851 4028
851 4056
851 4032
851 997
851 3990
851 4069
851 4034
851 4045
851 3994
851 4047
851 3996
851 4007
851 4051
851 4062
851 2660
851 4011
851 4009
851 4013
851 4024
851 4035
851 4068
851 1165
851 4026
851 1574
851 3986
851 4030
851 4041
851 4052
851 2663
851 3497
851 3988
851 4043
851 4054
851 3992
851 4003
851 4014
851 4058
851 4005
851 4016
851 3910
851 4044
851 4020
851 4031
851 1000
851 1121
851 4022
851 4033
851 3982
851 3993
851 4037
851 4048
851 3984
851 3216
851 3295
851 3995
851 4050
851 4061
851 3493
851 3999
851 4010
851 1413
851 1468
851 3997
851 979
851 4001
851 4012
851 4067
851 4027
851 4064
851 4018
851 4029
851 4040
851 3989
851 998
851 1526
851 4042
851 3980
851 3991
851 4002
851 4046
851 4057
851 4070
851 1911
851 4006
851 3938
851 1358
851 4059
851 1913
851 4008
851 4019
851 4063
851 4023
851 999
851 1415
851 1120
851 4021
852 4177
852 4188
852 4179
852 4190
852 4181
852 1531
852 4183
852 4185
852 4187
852 4176
852 4178
852 2166
852 4189
852 4180
852 4182
852 4184
852 4186
852 2762
853 4209
853 4215
853 4210
853 4211
853 3975
853 4212
853 4207
853 1648
853 3473
853 1930
853 1640
853 1510
853 894
853 4213
853 4208
854 4221
854 4232
854 4243
854 4254
854 4223
854 4245
854 4241
854 2636
854 4236
854 4234
854 4256
854 4225
854 4247
854 4258
854 4183
854 2986
854 4216
854 4227
854 4238
854 4249
854 4229
854 2880
854 4240
854 2869
854 4231
854 4218
854 4251
854 4220
854 4242
854 4253
854 4233
854 4244
854 4255
854 1449
854 2701
854 1900
854 4224
854 2637
854 4248
854 4257
854 4222
854 4235
854 4246
854 4226
854 2692
854 4237
854 4259
854 4217
854 4228
854 4250
854 4219
854 4252
854 2850
854 1897
854 1688
854 4239
854 4230
855 2692
855 3043
855 3210
855 2110
855 1123
855 933
855 1108
855 1486
856 1928
857 1708
859 1468
860 2986
860 2748
860 4245
860 2750
860 1468
861 3721
861 1370
861 1371
861 879
862 1707
862 1578
862 933
862 1208
862 1108
862 1453
862 936
862 2215
864 2631
864 3560
864 1468
864 1678
865 4109
866 2415
866 1707
866 1357
866 933
866 1677
866 936
866 907
867 3969
867 4223
867 3094
867 3288
867 1912
867 933
867 2398
867 3583
867 1187
868 1514
869 4191
869 933
869 894
869 1517
870 2792
870 2804
870 2680
870 2762
870 1005
872 2705
872 3908
872 1441
873 3278
873 1124
873 3960
873 1277
873 1633
873 1468
873 942
873 1512
873 2604
873 3393
873 4208
874 4245
874 1240
875 1136
875 3347
875 1252
875 1327
875 1350
875 1137
876 1328
876 3347
876 1252
876 1350
876 1137
877 3347
877 1252
877 1350
877 1137
878 2998
878 1339
879 1518
879 1386
879 1388
879 3974
879 4075
879 1390
879 3014
879 1383
879 1385
879 1389
879 1455
879 1387
879 1136
879 1378
879 2278
879 1514
879 2630
879 1384
879 4197
880 3048
880 1124
880 1586
880 1633
880 1474
880 1581
882 2141
882 1669
882 2158
882 1708
882 1122
882 2116
882 2143
882 933
882 1677
882 2140
882 1486
882 4100
884 1727
884 1751
884 1731
884 1009
884 1755
884 958
884 1733
884 1233
884 1748
884 1759
884 3854
884 1224
884 1752
884 1226
884 1468
884 955
884 1501
884 1732
884 2018
884 1723
885 2986
885 2943
885 4072
885 2900
885 1928
886 2958
886 2762
886 1371
886 4005
887 2946
887 4157
887 3975
887 2278
887 1352
887 2015
887 1518
887 3321
887 894
887 1137
887 3320
888 3974
888 4075
888 2278
888 1518
888 3014
888 1514
888 2630
888 1455
888 4197
890 4112
890 3679
890 3975
890 2621
890 1416
890 1368
890 2623
890 3722
891 2822
891 1376
892 3378
893 2685
893 1276
893 2623
893 3393
893 4161
893 2986
893 2431
893 1249
893 1293
893 1262
893 1108
893 1660
893 2604
893 3669
893 1631
893 2762
893 933
893 1468
893 1296
893 2718
894 3974
894 4075
894 2278
894 1518
894 3014
894 4197
894 2630
894 1514
894 1455
895 907
895 897
895 898
895 899
895 900
895 896
896 3239
896 902
896 904
896 899
896 906
896 907
897 3239
897 904
897 899
897 906
898 902
899 907
899 901
900 2300
900 3521
900 934
900 907
901 4109
901 3531
901 4112
901 3527
901 4115
901 2299
901 2755
901 2777
901 2821
901 1035
901 2758
901 1673
902 903
903 2630
903 1502
904 905
907 909
907 908
907 910
908 2127
908 1468
908 2140
908 1109
909 2119
909 2130
909 1001
909 1813
909 2141
909 2152
909 1342
909 2121
909 2132
909 2143
909 2156
909 2114
909 2134
909 2145
909 3470
909 2136
909 2158
909 2116
909 2127
909 2149
909 1262
909 2609
909 2118
909 2140
909 2138
909 2598
909 2129
909 2151
909 3465
909 2120
909 2131
909 2142
909 1999
909 2186
909 1354
909 2144
909 2604
909 3053
909 2133
909 2683
909 2124
909 2157
909 2137
909 1285
909 2148
909 2608
909 2128
909 2139
909 913
909 1109
910 934
911 912
912 3962
912 1252
912 3321
912 2725
912 2012
912 1350
912 1334
912 1137
913 914
933 935
933 939
933 937
933 934
933 936
933 938
933 940
934 3532
934 3519
934 2205
934 1470
934 3523
934 3534
934 3525
934 3516
934 3514
934 3527
934 1894
934 3518
934 1392
934 3520
934 3531
934 3529
934 3212
934 3522
934 2613
934 1693
934 3533
934 3515
934 3526
934 3524
934 3517
934 3528
934 1895
934 3530
935 3921
935 1961
935 1519
935 1497
936 2169
937 2169
939 2719
939 2752
939 2737
939 2749
939 2750
939 2751
939 2741
940 1014
942 943
943 2197
943 1887
943 2792
943 2003
943 1023
943 1816
943 2520
943 1965
943 1215
943 1753
943 1100
949 950
950 3759
950 3770
950 3838
950 3849
950 3798
950 3774
950 2634
950 2090
950 3800
950 3787
950 3811
950 3822
950 3760
950 3747
950 3826
950 3047
950 2039
950 1033
950 3738
950 3749
950 3804
950 3828
950 3839
950 3753
950 3843
950 3830
950 3817
950 3841
950 3801
950 3766
950 3777
950 3790
950 3845
950 3834
950 3739
950 3807
950 3783
950 3794
950 3818
950 1186
950 3743
950 3820
950 3796
950 3769
950 3745
950 3756
950 3780
950 3824
950 3835
950 3758
950 3837
950 3813
950 3848
950 3786
950 3762
950 2633
950 3773
950 3797
950 3810
950 3775
950 3814
950 3779
950 3737
950 3805
950 3792
950 3803
950 3816
950 3827
950 3776
950 3741
950 3752
950 3831
950 3754
950 3765
950 3809
950 3833
950 3844
950 3846
950 3806
950 3771
950 3782
950 3795
950 3755
950 1002
950 3784
950 3744
950 3812
950 3788
950 3799
950 3823
950 2025
950 3748
950 3746
950 3825
950 3836
950 3785
950 3750
950 3761
950 3772
950 3840
950 3763
950 3842
950 3829
950 3802
950 3767
950 3778
950 3789
950 1185
950 3815
950 3791
950 3764
950 3740
950 3751
950 3819
950 3742
950 3821
950 3808
950 3832
950 3781
950 3757
950 3768
950 3847
955 956
955 957
956 1734
956 1738
956 1723
956 3842
958 961
958 964
958 959
958 965
958 960
958 963
958 966
958 962
959 2167
959 3039
959 2179
959 1707
959 1669
959 3847
959 2058
959 2022
959 1232
959 2019
960 3854
960 1234
960 1009
960 1230
962 1232
962 1234
966 1237
968 969
968 970
970 1014
970 1830
979 980
983 984
987 1261
993 994
994 3501
994 1911
994 999
996 3982
996 3265
996 1911
998 4061
998 3288
1001 1002
1001 1654
1002 3016
1007 1013
1009 1011
1009 1010
1010 3839
1010 3856
1010 2420
1010 1224
1010 1013
1010 1036
1010 1208
1010 1230
1010 1163
1013 1032
1013 1023
1013 1034
1013 1014
1013 1025
1013 1016
1013 1029
1013 1027
1013 1018
1013 1020
1013 1031
1013 1022
1013 1033
1013 1024
1013 1035
1013 1015
1013 1026
1013 1017
1013 1028
1013 1019
1013 1030
1013 1021
1014 3543
1014 3587
1014 3598
1014 3609
1014 3613
1014 3600
1014 3611
1014 3549
1014 3560
1014 3615
1014 3626
1014 2294
1014 3562
1014 3617
1014 3628
1014 3577
1014 3588
1014 3632
1014 3643
1014 3447
1014 2307
1014 3579
1014 3590
1014 3645
1014 3539
1014 3594
1014 3605
1014 1184
1014 3592
1014 3541
1014 3552
1014 3596
1014 3607
1014 2643
1014 3556
1014 3567
1014 3622
1014 1703
1014 1758
1014 3558
1014 3545
1014 3569
1014 3624
1014 3635
1014 1399
1014 3573
1014 3584
1014 3639
1014 1163
1014 3571
1014 3637
1014 3575
1014 3586
1014 3597
1014 3641
1014 3535
1014 3601
1014 3537
1014 3548
1014 3559
1014 3603
1014 3614
1014 3563
1014 3618
1014 3616
1014 3114
1014 3554
1014 3565
1014 3576
1014 3620
1014 3631
1014 2295
1014 3580
1014 1183
1014 3578
1014 3633
1014 3538
1014 3582
1014 3593
1014 1951
1014 3542
1014 3595
1014 3544
1014 3555
1014 3599
1014 3610
1014 1268
1014 3546
1014 3557
1014 3612
1014 3623
1014 3561
1014 3572
1014 3627
1014 2115
1014 3638
1014 3585
1014 3550
1014 3574
1014 3629
1014 3640
1014 3589
1014 3644
1014 3642
1014 3536
1014 3547
1014 3591
1014 3602
1014 3551
1014 3606
1014 3604
1014 3553
1014 3540
1014 3564
1014 3608
1014 3619
1014 3630
1014 3568
1014 3634
1014 1398
1014 3566
1014 3621
1014 3570
1014 3581
1014 3625
1014 3636
1014 3583
1015 2439
1015 3505
1015 2234
1016 3921
1016 2465
1016 1148
1016 3642
1017 1852
1017 3070
1017 3856
1018 2610
1019 2610
1020 3852
1021 1230
1022 1631
1022 1474
1022 1784
1025 3854
1025 3974
1025 1970
1025 1226
1025 2066
1025 2069
1025 2545
1026 1841
1030 1894
1030 1895
1031 3854
1031 1230
1032 3852
1032 1226
1032 2630
1034 2753
1035 1894
1035 1895
1035 1239
1035 1255
1038 1515
1038 2343
1038 2428
1038 1519
1038 1514
1038 1475
1038 1476
1038 1187
1044 2335
1046 1167
1051 1052
1056 4202
1075 4202
1076 1077
1078 4202
1085 2616
1085 1366
1087 1088
1087 1089
1089 2493
1089 2489
1089 2492
1089 2473
1089 2490
1089 1202
1089 1133
1093 1453
1094 1095
1095 1366
1096 2105
1096 2630
1102 1103
1103 2297
1103 2003
1103 1995
1108 3056
1108 1110
1108 1693
1108 2159
1108 1109
1110 2082
1111 2136
1111 2630
1112 3143
1112 2136
1112 2630
1113 1169
1113 1357
1113 2123
1113 3450
1116 1395
1116 3056
1116 1691
1116 1693
1116 2159
1116 1151
1116 1692
1119 3947
1119 1574
1119 3212
1119 1362
1119 1293
1119 1188
1121 1664
1124 1125
1124 1126
1125 1514
1129 4202
1129 1130
1130 2163
1130 2058
1130 1514
1130 1647
1131 4202
1135 1136
1135 1137
1136 3334
1136 1335
1136 1862
1136 3347
1136 2015
1136 2016
1136 1137
1136 1839
1136 1422
1136 1450
1136 3337
1139 1142
1139 1140
1139 1141
1140 4202
1140 2613
1141 4202
1141 1957
1141 1367
1142 4202
1143 2105
1143 2630
1148 2297
1149 2630
1150 1151
1151 4202
1151 1654
1151 1905
1154 1186
1154 1155
1154 1177
1154 1157
1154 1168
1154 1179
1154 1183
1154 1159
1154 1170
1154 1181
1154 1161
1154 1172
1154 1175
1154 1163
1154 1185
1154 1176
1154 1174
1154 1165
1154 1156
1154 1167
1154 1178
1154 1158
1154 1180
1154 1171
1154 1169
1154 1160
1154 1182
1154 1162
1154 1173
1154 1184
1154 1164
1154 1166
1155 2359
1155 4170
1160 1538
1164 1476
1164 1475
1166 1251
1169 2638
1172 2302
1177 3212
1178 3251
1178 2105
1182 3378
1187 1191
1187 1190
1187 1192
1187 1188
1187 1189
1188 3957
1188 3948
1188 3959
1188 3970
1188 1373
1188 3961
1188 1509
1188 1476
1188 3950
1188 3972
1188 3952
1188 3963
1188 3974
1188 3954
1188 3965
1188 3472
1188 3956
1188 1632
1188 3967
1188 3947
1188 3958
1188 3969
1188 3949
1188 3960
1188 1297
1188 1658
1188 2580
1188 3471
1188 3973
1188 1191
1188 3971
1188 3951
1188 3962
1188 3953
1188 3964
1188 3966
1188 1413
1188 3968
1188 3955
1188 1197
1189 1191
1190 3972
1192 3974
1192 4083
1192 3027
1192 1963
1192 4260
1192 1911
1192 3497
1192 1693
1192 3985
1192 1344
1192 1464
1192 1285
1194 1196
1194 1195
1194 1197
1195 2456
1195 2467
1195 2458
1195 2471
1195 2462
1195 2460
1195 2453
1195 2464
1195 2455
1195 2466
1195 2457
1195 2468
1195 2459
1195 2470
1195 2461
1195 2472
1195 2463
1195 2454
1195 2357
1195 2469
1197 3976
1197 3152
1202 1204
1202 1203
1202 1205
1208 2105
1208 2630
1208 1209
1209 3043
1209 3871
1209 2631
1209 1230
1214 1215
1222 3869
1224 1747
1226 1228
1226 1229
1226 1227
1227 1862
1227 1854
1227 2062
1228 3962
1228 3927
1228 1994
1228 1230
1230 1231
1232 1233
1233 1721
1233 2019
1233 2020
1233 1720
1233 2021
1233 2022
1233 1722
1233 2023
1237 1238
1239 4109
1239 3531
1239 4112
1239 3527
1239 4115
1239 2755
1239 2299
1239 2758
1239 1673
1240 1241
1241 2705
1241 2753
1242 1243
1247 1276
1247 1249
1251 1259
1251 1257
1251 1252
1251 1255
1251 1260
1251 1253
1251 1256
1251 1258
1251 1254
1252 1341
1252 1331
1252 1344
1252 1346
1253 1340
1253 1341
1253 1331
1253 1344
1253 1346
1255 3528
1255 2686
1255 1263
1255 2185
1256 1894
1259 1490
1259 1425
1261 1269
1261 1264
1261 1270
1261 1265
1261 1271
1261 1267
1261 1262
1261 1263
1261 1268
1261 1266
1262 1267
1263 1332
1263 1386
1269 3684
1279 1280
1280 3378
1282 3662
1282 3673
1282 3653
1282 3664
1282 3655
1282 3675
1282 1401
1282 3666
1282 3646
1282 3657
1282 3668
1282 3679
1282 3648
1282 3659
1282 3670
1282 3681
1282 3672
1282 1403
1282 1405
1282 3650
1282 3661
1282 3683
1282 3652
1282 3663
1282 3665
1282 3676
1282 2778
1282 1563
1282 3682
1282 1409
1282 1400
1282 3654
1282 3656
1282 3667
1282 3678
1282 3647
1282 3658
1282 3669
1282 2694
1282 3680
1282 3660
1282 3651
1282 3649
1282 3671
1285 2105
1285 1286
1285 2630
1285 1287
1286 1290
1288 1289
1290 1291
1291 2815
1291 1708
1291 3914
1291 1376
1293 1295
1293 1297
1293 1294
1293 1296
1295 1373
1297 3718
1297 3949
1301 2621
1301 1491
1302 2621
1302 1491
1305 2738
1305 1386
1305 1384
1306 2928
1306 2630
1306 2302
1306 1384
1309 1310
1309 1312
1309 1311
1309 1313
1310 3039
1310 2168
1310 1707
1310 2058
1310 2057
1310 2047
1310 2056
1311 3039
1311 2168
1311 1707
1311 2058
1311 3004
1312 3174
1313 3039
1313 2168
1313 1707
1313 2058
1314 1646
1314 1647
1315 1316
1315 1322
1316 4270
1317 1318
1318 1982
1322 2630
1325 1326
1327 3347
1328 2129
1331 1332
1331 1339
1331 1346
1332 2017
1332 2013
1332 2008
1332 2009
1332 2015
1332 2010
1332 2005
1332 2011
1332 2006
1332 2016
1332 2012
1332 2007
1332 2014
1333 1339
1334 1339
1335 1339
1336 1339
1337 1339
1339 1340
1340 1341
1340 1347
1340 1344
1341 1344
1342 1343
1343 2171
1344 1345
1345 2857
1354 1708
1355 1392
1360 3947
1360 3949
1362 3302
1362 3472
1362 1372
1362 3473
1362 2580
1362 3471
1362 1510
1371 1373
1371 1372
1372 2084
1372 2086
1372 2075
1372 1815
1372 2081
1372 1678
1372 1579
1372 2567
1372 2043
1372 2032
1372 2089
1372 2045
1372 2562
1372 2093
1372 2080
1372 2520
1372 2060
1372 2064
1373 1654
1373 1475
1373 1476
1374 1707
1377 1378
1377 1380
1377 1381
1377 1382
1377 1379
1378 2840
1378 4191
1378 1545
1378 1456
1378 2076
1378 1474
1378 1647
1379 1387
1379 2053
1379 1474
1380 2630
1381 3925
1383 3524
1384 4075
1384 3722
1385 2977
1385 2688
1385 2621
1385 3960
1385 2680
1385 1752
1385 1753
1385 1501
1385 1919
1385 1441
1385 1421
1385 1751
1386 3336
1386 1500
1386 2726
1386 2015
1386 3320
1386 1854
1386 3722
1386 2012
1386 1640
1386 3337
1386 3962
1386 3361
1386 1631
1386 2278
1386 1391
1386 2016
1387 3792
1387 3099
1387 3078
1387 1965
1387 2278
1387 1519
1387 1514
1387 1865
1389 3975
1389 1518
1390 3015
1390 2840
1390 1866
1390 2415
1390 1474
1392 1394
1392 1393
1393 2737
1393 2748
1394 2626
1394 3497
1394 2645
1394 4236
1394 1563
1395 3223
1395 3212
1396 1399
1396 1668
1396 1397
1396 1398
1396 1400
1397 3217
1398 1908
1398 1669
1399 1669
1400 3211
1400 4081
1400 3219
1400 4202
1400 2077
1400 1654
1401 1402
1402 3153
1403 1404
1403 1405
1404 3706
1405 1929
1405 1448
1413 1414
1413 1415
1415 4028
1415 4029
1415 3938
1416 1421
1416 1418
1416 1419
1416 1420
1416 1417
1418 1425
1418 1491
1425 1437
1425 1428
1425 1439
1425 1430
1425 1441
1425 1467
1425 1443
1425 1434
1425 1432
1425 1445
1425 1436
1425 1427
1425 1438
1425 1429
1425 1440
1425 1431
1425 1442
1425 1433
1425 1444
1425 1435
1425 1426
1426 1490
1427 1490
1439 1490
1440 1490
1441 1932
1441 2674
1441 1682
1441 1490
1442 2760
1442 2302
1442 1490
1443 1490
1447 1449
1447 1467
1447 1448
1448 3672
1449 4247
1454 2630
1454 2105
1455 1456
1456 3015
1456 3070
1456 3094
1456 3122
1456 3080
1456 1815
1456 3075
1456 1474
1456 1865
1457 3921
1459 3048
1460 3495
1461 3910
1461 1462
1462 1751
1462 3910
1467 1470
1467 1468
1467 1469
1468 1470
1468 2671
1468 2669
1468 1680
1468 2673
1468 2657
1468 2670
1468 2672
1468 1490
1470 2302
1471 1514
1471 1515
1472 1473
1473 2435
1473 1862
1473 1515
1473 1951
1473 1514
1473 3125
1475 1631
1475 3864
1475 1506
1475 1784
1476 1631
1476 3864
1476 1784
1480 2630
1481 1524
1483 1484
1483 4270
1484 4270
1489 3023
1489 1645
1492 1493
1502 2186
1503 1514
1504 1506
1504 1510
1504 1505
1505 3954
1505 1507
1505 1510
1506 1508
1506 1631
1506 1784
1506 1640
1506 3862
1507 3030
1508 1509
1512 2089
1514 1518
1514 1516
1514 1517
1514 1515
1514 1519
1515 3014
1515 1519
1517 2278
1518 2731
1518 2278
1518 2053
1518 1667
1524 2830
1526 4062
1529 1530
1529 1531
1530 4190
1530 4183
1531 4183
1531 2763
1531 4179
1531 4190
1545 1548
1545 1549
1545 1546
1545 1547
1545 1550
1557 3865
1559 1560
1559 1561
1560 1661
1560 1593
1561 2693
1573 1574
1574 2105
1574 1912
1576 1665
1582 1664
1589 2753
1595 2799
1595 4245
1595 2712
1599 1603
1599 1618
1599 1602
1602 1631
1610 1612
1626 1627
1629 1630
1631 1632
1631 2290
1631 1832
1631 1640
1631 3962
1631 4208
1633 1636
1633 1637
1633 1638
1633 1639
1633 1634
1633 1635
1633 1640
1634 1863
1634 3888
1634 2524
1634 2081
1635 3736
1637 1640
1638 3679
1638 2026
1638 1660
1639 3962
1639 1777
1639 1640
1639 1784
1645 1646
1645 1647
1646 3023
1646 3684
1647 3023
1647 1814
1654 1657
1654 1707
1654 1656
1654 1658
1654 1655
1658 3974
1662 3237
1664 1665
1664 1666
1664 1667
1668 1669
1670 3558
1670 3591
1670 1695
1670 1704
1670 1685
1672 3596
1680 1682
1680 1681
1681 1929
1682 3904
1684 1685
1685 3558
1685 3591
1685 1704
1687 1688
1692 3226
1693 3224
1702 1703
1703 3590
1703 3591
1703 1802
1707 1709
1707 1708
1708 1813
1708 1815
1708 2528
1708 2530
1708 2529
1721 1734
1721 3847
1722 3841
1734 1735
1735 3842
1744 1745
1757 1758
1762 1763
1784 3862
1799 1800
1805 2357
1807 2852
1807 4075
1808 3059
1813 1814
1813 1815
1814 3717
1814 3728
1814 3719
1814 3730
1814 3721
1814 3732
1814 3723
1814 3734
1814 3714
1814 3725
1814 3716
1814 1854
1814 3718
1814 3729
1814 3731
1814 3722
1814 3720
1814 3733
1814 2672
1814 3724
1814 3735
1814 3715
1814 3726
1814 2060
1825 2630
1827 2829
1829 1830
1830 2130
1830 2147
1830 2118
1834 1835
1834 1836
1835 2442
1836 2650
1844 1845
1849 2202
1852 1853
1853 2720
1853 3337
1854 1855
1855 3962
1858 1859
1865 1866
1865 1867
1866 3941
1866 3015
1866 2278
1866 3014
1866 3090
1874 1875
1875 3735
1883 1884
1884 2003
1894 1895
1894 1896
1894 1897
1897 2186
1897 2302
1897 4111
1899 2184
1907 1908
1908 3596
1908 3607
1908 3576
1908 3622
1908 3621
1911 1913
1911 1912
1912 1963
1913 1963
1916 3214
1916 1917
1921 1922
1928 1929
1928 1930
1929 2730
1929 3516
1929 3497
1929 2015
1929 2762
1934 2660
1934 2764
1936 1945
1944 1945
1948 2105
1954 1955
1955 3852
1955 3856
1956 1957
1957 4161
1957 3214
1957 2680
1957 2686
1963 4260
1963 1965
1963 1964
1965 2105
1965 2630
1969 1970
1970 2187
1982 1984
1982 1983
1982 1985
1983 4133
1988 1989
1989 3470
1989 2786
1989 1991
1989 2077
2015 3361
2023 2024
2023 2025
2032 2089
2034 2556
2040 2815
2049 2630
2057 3001
2057 3004
2057 3179
2058 3001
2058 3183
2067 2068
2067 2365
2068 2365
2069 2070
2070 2365
2071 2072
2081 2082
2084 2085
2089 2090
2096 2420
2100 2529
2101 2523
2102 3704
2102 3711
2102 3706
2102 3701
2102 3712
2102 3707
2102 3702
2102 2103
2102 3708
2102 3703
2102 2104
2102 3677
2102 3709
2102 3705
2102 3710
2102 3713
2105 2222
2105 2255
2105 2869
2105 2215
2105 2631
2105 2153
2105 2263
2105 2232
2105 3053
2105 2322
2105 2225
2105 3858
2112 2113
2114 2115
2115 3574
2116 2117
2124 2125
2125 2126
2139 3212
2149 2150
2150 3869
2165 2166
2167 3219
2184 2185
2190 2191
2191 3212
2222 2345
2232 2233
2233 2245
2233 2234
2234 2235
2238 2239
2238 2240
2239 2442
2239 2370
2239 2362
2239 2400
2239 2411
2239 2417
2239 2345
2239 2386
2240 2591
2255 2630
2270 2271
2270 2272
2271 3090
2285 3975
2294 2295
2297 2298
2298 2473
2299 2300
2300 4074
2300 3055
2300 4179
2300 2985
2300 2975
2301 2302
2301 2303
2302 2304
2302 4148
2303 2304
2304 2305
2304 2753
2322 2630
2327 2467
2327 3214
2327 2328
2337 2338
2337 2339
2365 2367
2365 2366
2446 2447
2448 2449
2464 2465
2465 3684
2473 2489
2473 2480
2473 2491
2473 2502
2473 2513
2473 2482
2473 2504
2473 2515
2473 2495
2473 2519
2473 2493
2473 2484
2473 2506
2473 2517
2473 2475
2473 2486
2473 2497
2473 2508
2473 2488
2473 2499
2473 2490
2473 2477
2473 2510
2473 2479
2473 2501
2473 2512
2473 2481
2473 2492
2473 2503
2473 2514
2473 2483
2473 2494
2473 2516
2473 2474
2473 2507
2473 2505
2473 2485
2473 2496
2473 2518
2473 2476
2473 2487
2473 2498
2473 2509
2473 2478
2473 2500
2473 2511
2528 3465
2531 2532
2531 2533
2547 2548
2580 3949
2589 2591
2590 2591
2598 2600
2598 2599
2599 3445
2600 3491
2600 2732
2601 2630
2604 2605
2605 3460
2605 3459
2616 2617
2617 3603
2630 2636
2630 2634
2630 2632
2630 2631
2630 2633
2630 2637
2630 2635
2631 2692
2650 3890
2660 3910
2660 2662
2660 2663
2660 2661
2661 4084
2661 3718
2661 4068
2661 2969
2661 3993
2661 3492
2662 3910
2663 2809
2663 2969
2663 3497
2665 3007
2666 3865
2671 3378
2672 2753
2679 3865
2693 2694
2697 2698
2698 3887
2705 2706
2706 3664
2706 4161
2708 3921
2713 2723
2725 2726
2732 2733
2737 2738
2738 3512
2738 3510
2738 3511
2738 3062
2738 3513
2738 3509
2742 3604
2746 2747
2748 2832
2752 4202
2758 3527
2760 2933
2762 2763
2783 2784
2796 2797
2809 4084
2809 2810
2809 4048
2810 3511
2814 2815
2822 3656
2849 2865
2849 4244
2849 2869
2849 2864
2849 2897
2849 2850
2850 4222
2850 3260
2850 2897
2850 2887
2857 3014
2863 2897
2923 2939
2928 3321
2969 4084
2969 4048
3012 3013
3014 3015
3020 3021
3020 3022
3027 3028
3039 3040
3039 3041
3040 3199
3040 3041
3041 4091
3042 4270
3048 3049
3053 3055
3053 3054
3054 3977
3055 3977
3075 3076
3075 3109
3076 3094
3084 3085
3113 3114
3114 3538
3143 3877
3150 3151
3153 3154
3155 3157
3155 3164
3155 3159
3155 3156
3155 3158
3156 3161
3156 3211
3156 3159
3156 3162
3157 3158
3188 3190
3188 3191
3188 3189
3211 3212
3214 3216
3214 3215
3215 4188
3226 3230
3243 3246
3243 3244
3243 3247
3243 3245
3254 3255
3260 4240
3261 3262
3264 3266
3288 3289
3295 3296
3296 4002
3299 3305
3334 3337
3376 3377
3378 3387
3378 3398
3378 3420
3378 3431
3378 3389
3378 3411
3378 3422
3378 3433
3378 3380
3378 3402
3378 3413
3378 3435
3378 3393
3378 3426
3378 3391
3378 3424
3378 3382
3378 3404
3378 3415
3378 3384
3378 3395
3378 3406
3378 3417
3378 3428
3378 3397
3378 3419
3378 3430
3378 3388
3378 3421
3378 3386
3378 3408
3378 3399
3378 3410
3378 3432
3378 3390
3378 3401
3378 3423
3378 3434
3378 3381
3378 3392
3378 3414
3378 3379
3378 3412
3378 3403
3378 3425
3378 3436
3378 3383
3378 3394
3378 3405
3378 3416
3378 3427
3378 3385
3378 3396
3378 3407
3378 3418
3378 3409
3378 3400
3378 3429
3386 3430
3406 3408
3407 3408
3437 3442
3437 3439
3437 3440
3437 3438
3440 3441
3441 3442
3447 3457
3447 3454
3447 3452
3454 3455
3454 3456
3455 3457
3461 3462
3492 3493
3493 4029
3493 3503
3493 4030
3493 4032
3493 4026
3494 3497
3495 3497
3527 3528
3558 3597
3558 3631
3573 3574
3574 3596
3574 3598
3574 3599
3576 3608
3611 3612
3612 3622
3625 3626
3626 3627
3629 3632
3643 3863
3673 3674
3676 3677
3684 3695
3684 3686
3684 3697
3684 3688
3684 3699
3684 3690
3684 3692
3684 3694
3684 3685
3684 3696
3684 3698
3684 3689
3684 3687
3684 3700
3684 3691
3684 3693
3726 3727
3727 4245
3792 3793
3850 3851
3865 3866
3869 3870
3875 3876
3876 3921
3939 3940
3974 3975
3975 4214
3977 3979
3977 3978
3985 4056
3987 3988
4000 4001
4064 4065
4072 4073
4072 4089
4089 4090
4090 4230
4090 4225
4091 4270
4091 4135
4117 4118
4122 4123
4122 4124
4122 4126
4122 4125
4138 4139
4165 4166
4165 4167
4173 4174
4202 4203
4205 4206
