60 166
47 37 
47 52 
37 52 
59 53 
59 10 
53 10 
34 47 
34 55 
47 55 
51 57 
51 35 
57 35 
26 54 
26 30 
54 30 
54 40 
40 30 
57 54 
54 35 
26 35 
40 0 
54 0 
49 16 
49 3 
16 3 
24 37 
24 47 
37 22 
22 52 
48 12 
48 1 
12 1 
48 51 
51 12 
51 56 
56 57 
56 54 
4 25 
4 53 
25 53 
28 31 
28 0 
31 0 
31 40 
27 16 
27 49 
37 5 
37 39 
5 39 
24 5 
33 8 
33 39 
8 39 
5 33 
33 24 
34 33 
33 47 
2 0 
2 52 
0 52 
2 28 
43 26 
43 30 
43 58 
58 26 
32 48 
32 1 
32 51 
56 32 
56 1 
38 36 
38 12 
36 12 
6 38 
6 25 
38 25 
4 6 
20 49 
20 3 
21 51 
21 35 
21 11 
11 51 
26 21 
58 21 
51 9 
9 12 
11 9 
9 38 
9 25 
45 58 
45 10 
58 10 
13 33 
13 34 
13 8 
59 13 
13 53 
15 43 
15 30 
40 15 
31 15 
15 28 
2 15 
43 2 
19 43 
19 2 
22 19 
19 52 
19 37 
19 39 
23 20 
23 3 
6 23 
23 38 
36 23 
36 3 
29 6 
29 4 
20 29 
29 49 
29 23 
29 27 
27 4 
50 21 
50 58 
50 11 
45 50 
53 14 
14 10 
25 14 
18 13 
18 34 
18 55 
16 18 
16 55 
8 42 
8 59 
42 59 
42 13 
19 7 
7 43 
58 7 
7 10 
7 59 
7 8 
7 39 
50 17 
17 11 
17 45 
17 9 
9 46 
46 25 
46 14 
18 44 
44 13 
44 27 
44 4 
44 16 
44 53 
41 45 
41 10 
41 17 
14 41 
46 41 
41 9 
