90 261
0 372574.9042970223 513154.5842348101
1 218949.4061922631 380970.91550465114
2 583746.8878126886 458520.66849917726
3 261186.38957958395 872319.7493204235
4 347032.0336230082 237184.34495213313
5 942532.7409331022 673367.6679793573
6 527380.923598023 948689.3813623142
7 606919.2289697184 741686.3255946005
8 84977.51374366702 279689.2842475892
9 437348.750235259 786175.4028824967
10 860924.7932720768 891659.4807724125
11 136946.78628498357 225798.14414014175
12 745018.2568211916 63625.221089459
13 340791.9521640158 415132.3959596583
14 163589.21267597203 208701.790185004
15 724281.8813589558 207609.7641560467
16 912718.5088208283 492280.65165103064
17 855053.5888096008 956683.8421299533
18 219514.73311522862 428709.1057330289
19 169991.68045886327 372357.8062693401
20 14616.722588400411 939280.6874747032
21 105065.26419236195 660764.8180404177
22 235020.03779255354 63852.25179567366
23 240680.44191144322 29128.161586153055
24 844801.8594228277 594500.3109043732
25 605242.8959814043 850040.6581442895
26 579938.1225542414 626585.8679791193
27 463764.84772961715 698147.4804318271
28 881653.6182730957 282731.1146906565
29 555295.6201059603 923902.6359255222
30 956106.0719833222 578287.2086688188
31 828085.1184105449 599172.2532476025
32 53488.369281117775 924850.0322111548
33 35806.33038487113 877012.7610565723
34 334994.4682097331 213255.14210116724
35 467730.78856586217 30583.561812193904
36 78620.63607859705 115033.7115813197
37 696294.7922775086 346235.1164274201
38 70080.54456151702 856442.2730851807
39 45797.48049825916 34992.93787009761
40 988210.2107174447 997889.6275895966
41 825264.6905990159 752995.8875513667
42 726502.8304804631 979136.9443140642
43 580783.4703942664 351755.01743313187
44 181178.0572780356 522332.4732654948
45 578156.9888167119 669503.2759762834
46 654520.5043178609 29813.4067005853
47 188425.3436663328 433394.4128452155
48 605003.2612544374 702540.7785664335
49 172609.22006258395 839044.0057693527
50 271195.54508490994 8162.8036377990875
51 403479.69512693683 872480.0717045544
52 471910.49728053145 133713.60905730235
53 612780.6402210972 323525.1914538004
54 490337.56846426835 660403.7704802335
55 214133.4362205336 679955.5639531887
56 701756.5858346063 255866.3738396296
57 454251.3834829769 570564.1541956863
58 957170.127247581 272036.9915958104
59 259931.12429658583 690280.8368388374
60 820023.2145857778 706971.425878829
61 78680.86656454754 234944.21385642994
62 54492.82220499441 369418.3727410265
63 766595.6813544754 952000.1178183411
64 332114.20400832157 6282.668049963025
65 269978.16301528976 159654.60816371025
66 885200.6246925168 378923.21064271004
67 975042.6836637164 743126.7435719355
68 620200.6417163677 91019.13208567114
69 829147.2044566605 531432.3202923214
70 77709.93390040248 240195.8960450302
71 206560.9971597443 848131.1921806082
72 843472.6888363913 181022.9914326097
73 189723.99703926136 532177.1550497068
74 830114.0575865122 549787.9511027758
75 719350.6660337265 759854.949739061
76 409617.28291092406 792050.19881845
77 229939.93803408896 122105.65054735189
78 36489.5018646163 502944.8896183686
79 699668.0400605804 452855.23560861894
80 675643.4245660829 668233.3866216196
81 984442.5756505231 908154.4499362165
82 988054.13741392 6242.549265767283
83 917454.1594403876 108953.07421381817
84 673806.8551856877 129785.62373662472
85 388157.40224860195 508932.5930956671
86 883949.9004323856 296305.0542203687
87 233932.11861594243 915497.8489099144
88 48034.06386952591 499650.205132074
89 742113.6770953184 816511.3464892302
87 6 
87 20 
6 20 
81 82 
81 40 
82 40 
81 67 
67 82 
67 58 
58 82 
58 30 
67 30 
58 83 
83 82 
87 51 
51 6 
16 58 
16 30 
72 58 
72 28 
58 28 
72 83 
32 87 
32 20 
32 49 
49 87 
49 38 
32 38 
39 78 
39 20 
78 20 
0 57 
0 59 
57 59 
51 76 
51 9 
76 9 
46 68 
46 35 
68 35 
68 52 
52 35 
42 40 
42 20 
40 20 
6 42 
31 60 
31 80 
60 80 
81 10 
10 67 
66 16 
66 69 
16 69 
66 58 
86 56 
86 28 
56 28 
86 37 
37 56 
86 66 
66 37 
58 86 
21 49 
21 38 
88 21 
88 78 
21 78 
78 33 
33 20 
33 32 
33 38 
33 21 
73 0 
73 59 
57 85 
57 2 
85 2 
0 85 
3 51 
3 87 
3 76 
76 59 
3 59 
72 12 
12 83 
12 82 
12 46 
46 82 
52 64 
64 35 
64 46 
22 64 
22 65 
64 65 
64 50 
22 50 
64 82 
14 4 
14 1 
4 1 
4 52 
4 43 
52 43 
53 52 
53 68 
53 43 
37 53 
53 56 
37 43 
76 27 
27 9 
27 59 
57 27 
54 27 
54 57 
26 57 
26 2 
26 54 
7 48 
7 80 
48 80 
7 25 
7 9 
25 9 
27 7 
89 10 
89 63 
10 63 
42 89 
42 63 
25 89 
25 42 
29 42 
29 6 
29 25 
29 9 
51 29 
74 31 
74 80 
16 74 
74 69 
67 5 
5 30 
10 17 
17 63 
42 17 
17 40 
17 81 
79 66 
79 69 
79 37 
43 79 
43 2 
79 2 
79 26 
26 80 
79 80 
79 74 
19 14 
19 1 
62 88 
62 78 
62 39 
21 55 
55 49 
55 73 
55 59 
73 21 
73 18 
18 0 
49 71 
71 87 
71 3 
71 59 
71 55 
84 68 
84 46 
12 84 
53 84 
84 56 
50 23 
50 39 
23 39 
23 22 
22 39 
77 22 
77 65 
14 77 
14 65 
4 34 
34 52 
64 34 
34 65 
34 14 
4 13 
13 1 
13 85 
13 0 
13 43 
13 18 
18 1 
13 2 
26 45 
45 54 
45 27 
48 45 
45 80 
7 45 
89 41 
41 10 
41 67 
41 5 
5 60 
41 60 
7 75 
75 25 
75 89 
75 80 
60 75 
41 75 
31 24 
24 60 
24 5 
24 30 
74 24 
24 16 
62 8 
62 19 
8 19 
61 70 
61 39 
70 39 
70 62 
70 8 
62 47 
47 88 
47 19 
47 1 
18 47 
15 12 
15 72 
15 84 
15 56 
15 28 
36 77 
36 14 
36 61 
36 39 
22 36 
19 11 
11 14 
8 11 
70 11 
11 61 
36 11 
47 44 
44 88 
44 21 
44 73 
44 18 
