%%MatrixMarket matrix coordinate pattern symmetric
%-------------------------------------------------------------------------------
% UF Sparse Matrix Collection, Tim Davis
% http://www.cise.ufl.edu/research/sparse/matrices/HB/bcspwr09
% name: HB/bcspwr09
% [SYMMETRIC STRUCTURE REPRESENTATION OF WESTERN US POWER NETWORK]
% id: 21
% date: 1981
% author: B. Dembart, J. Lewis
% ed: I. Duff, R. Grimes, J. Lewis
% fields: title A name id date author ed kind
% kind: power network problem
%-------------------------------------------------------------------------------
1724 2394
0 1441
0 1035
0 102
0 1027
2 3
3 695
3 1024
3 1269
4 5
5 1580
5 1470
5 1198
6 7
7 1161
7 1021
7 1040
7 882
8 9
9 1534
9 1276
9 734
9 1275
10 11
11 864
11 778
12 13
13 1271
13 1525
13 568
13 1396
13 1432
13 902
13 1348
14 15
15 800
15 801
15 384
15 645
16 17
17 18
18 149
18 148
19 20
20 21
21 520
21 155
21 756
22 23
23 24
23 25
25 452
25 453
25 451
26 27
27 863
27 862
28 29
29 204
29 1592
29 1228
29 206
29 30
29 920
29 1124
29 1624
31 32
32 795
32 747
32 1009
32 1012
32 956
32 930
33 34
34 35
34 36
36 242
36 861
37 38
38 1243
38 1314
38 686
38 39
38 1712
38 1643
40 41
41 613
41 1594
41 1361
41 1636
41 1323
42 43
43 858
43 859
44 45
45 46
46 47
47 426
47 860
48 49
49 858
49 859
50 51
51 52
51 53
53 856
53 857
54 55
55 56
56 774
56 856
57 58
58 855
58 755
59 60
60 1578
60 883
60 1579
61 62
62 689
62 358
62 111
62 875
62 387
63 64
64 743
64 514
65 66
66 360
66 1479
66 1660
67 68
68 408
68 683
69 70
70 1577
70 242
70 632
71 72
72 73
73 89
73 854
74 75
75 853
75 76
75 852
77 78
78 79
79 960
79 419
79 283
79 1553
80 81
81 703
81 851
82 83
83 538
83 1568
83 1609
83 1717
83 1369
83 1101
84 85
85 850
85 849
86 87
87 1583
87 1594
87 226
87 1033
87 1670
88 89
89 1628
89 730
89 315
90 91
91 1017
91 885
91 1359
92 93
93 101
93 848
94 95
95 101
95 848
96 97
97 100
97 101
98 99
99 1050
99 562
99 820
99 1445
99 1177
101 1430
101 389
103 104
104 1058
104 105
104 106
104 107
104 498
104 885
104 1605
104 1649
108 109
109 459
109 778
110 111
111 1576
111 875
112 113
113 751
113 270
113 375
113 1549
114 115
115 1199
115 1260
115 739
115 544
115 1225
116 117
117 118
118 119
119 757
119 1007
119 1604
119 1005
119 1547
120 121
121 122
122 757
122 758
122 517
123 124
124 1049
124 624
124 1574
125 126
126 1539
126 808
126 1429
126 1538
127 128
128 1573
128 1029
128 970
129 130
130 1030
130 1405
130 1573
130 1413
131 132
132 847
132 846
133 134
134 1715
134 1590
134 981
134 1055
134 136
134 503
134 135
134 1160
137 138
138 1539
138 754
138 956
139 140
140 1042
140 1202
140 1213
140 143
140 141
140 1537
142 143
144 145
145 1559
145 555
145 661
145 805
146 147
147 148
149 938
149 1060
149 814
150 151
151 1354
151 684
151 292
151 189
151 643
151 439
151 1488
151 591
151 1641
151 767
152 153
153 419
153 845
154 155
155 1227
155 1228
155 1234
155 1465
155 161
155 619
156 157
157 1069
157 1200
157 1088
157 224
158 159
159 160
160 752
160 457
160 530
162 163
163 800
163 1490
163 1152
163 1071
163 1471
163 590
163 683
163 553
164 165
165 167
165 843
166 167
167 619
167 843
168 169
169 743
169 800
169 1002
169 801
169 916
169 1659
170 171
171 1677
171 253
171 173
171 1515
171 1708
171 1633
172 173
173 1514
173 1150
174 175
175 308
175 842
176 177
177 1551
177 835
177 1550
178 179
179 760
179 180
179 841
181 182
182 184
182 183
182 185
185 186
186 1661
186 1699
186 1410
186 453
186 1219
187 188
188 304
188 305
190 191
191 1556
191 886
191 498
191 710
192 193
193 768
193 1463
193 196
193 199
193 194
193 917
193 195
193 1100
193 197
193 1245
198 199
200 201
201 1572
201 1571
201 1032
202 203
203 204
204 1533
204 1119
204 1157
204 1597
204 206
204 544
204 750
204 1625
204 1532
205 206
207 208
208 835
208 840
209 210
210 838
210 212
211 212
212 838
213 214
214 1134
214 217
214 215
214 1133
214 875
216 217
217 382
218 219
219 836
219 837
220 221
221 834
221 835
221 222
221 223
225 226
226 1033
226 695
226 1504
227 228
228 230
228 1344
228 1342
228 231
228 1402
228 1341
228 1418
228 229
232 233
233 1573
233 1289
233 853
233 891
233 235
233 1674
233 234
236 237
237 832
237 831
238 239
239 830
239 659
240 241
241 242
242 1075
242 839
242 758
242 1004
242 955
243 244
244 245
245 325
245 819
246 247
247 1407
247 1336
247 1570
248 249
249 828
249 829
250 251
251 652
251 341
251 1062
251 1500
251 1257
251 1638
252 253
253 1678
253 254
253 1514
253 1718
253 1526
253 256
253 870
253 257
253 1515
253 1679
253 255
253 1046
258 259
259 827
259 761
260 261
261 762
261 795
261 263
261 891
261 262
264 265
265 1602
265 1498
265 1723
265 266
265 911
265 267
268 269
269 270
270 552
271 272
272 273
273 781
273 1519
273 896
274 275
275 276
276 279
276 280
276 281
276 277
276 278
277 1353
277 782
278 1212
278 650
279 550
279 302
279 1353
280 1023
280 1571
280 765
280 695
280 1024
281 1635
281 1571
281 793
282 283
283 419
284 285
285 820
285 322
286 287
287 1539
287 1711
287 289
288 289
289 291
289 808
289 1456
289 1053
289 826
290 291
291 826
293 294
294 295
294 807
294 362
294 311
296 297
297 1168
297 1170
297 1169
298 299
299 747
299 825
299 300
301 302
302 575
302 1572
302 1288
302 588
302 765
302 486
302 1263
302 1279
303 304
305 800
305 611
305 1072
306 307
307 308
308 450
308 939
308 1713
308 842
308 1690
308 1549
309 310
310 823
310 824
312 313
313 822
313 597
314 315
315 542
315 317
315 568
315 1067
315 920
315 1665
315 1390
315 1391
315 1326
316 317
317 821
318 319
319 1568
319 320
319 1569
319 1503
321 322
322 820
323 324
324 325
325 819
326 327
327 328
327 329
329 818
329 817
330 331
331 353
331 703
331 728
331 677
332 333
333 1557
333 692
333 337
333 1665
334 335
335 337
335 816
336 337
338 339
339 1400
339 724
339 903
339 1674
339 989
339 1345
339 1264
340 341
341 815
342 343
343 813
343 814
344 345
345 1567
345 1551
345 941
346 347
347 809
347 810
348 349
349 350
350 963
350 1523
350 1173
350 1289
350 1154
350 1153
350 1056
351 352
352 807
352 808
354 355
355 356
356 357
357 554
357 555
359 360
360 1301
360 1295
361 362
362 1356
362 754
362 1520
363 364
364 365
365 366
366 367
367 368
368 806
368 778
369 370
370 1047
370 1319
370 1320
370 1535
370 783
371 372
372 373
373 697
373 722
374 375
375 805
376 377
377 378
378 775
378 802
379 380
380 1070
380 729
380 1557
380 381
380 1665
380 1698
383 384
384 645
385 386
386 519
386 799
388 389
389 1430
389 1031
389 914
389 390
389 858
389 392
391 392
392 393
392 524
394 395
395 798
395 519
396 397
397 398
397 399
399 507
399 508
399 761
399 414
400 401
401 796
401 797
401 402
403 404
404 405
404 406
406 1531
406 1390
406 918
406 1391
406 821
407 408
408 683
409 410
410 412
410 411
412 726
412 1055
412 1542
413 414
414 827
414 1138
414 415
414 1548
416 417
417 1205
417 1206
417 728
417 1315
418 419
419 420
421 422
422 423
423 795
423 794
424 425
425 426
426 793
427 428
428 429
429 789
429 746
429 431
429 798
430 431
432 433
433 595
433 791
434 435
435 790
435 437
436 437
437 789
438 439
439 1566
439 1565
440 441
441 442
442 443
443 1297
443 822
443 899
443 807
443 1659
443 690
443 1337
444 445
445 659
445 784
446 447
447 860
447 560
447 1519
447 448
447 1717
449 450
450 783
454 455
455 781
455 782
456 457
457 779
458 459
459 460
459 778
461 462
462 776
462 777
463 464
464 774
464 775
465 466
466 773
466 772
467 468
468 663
468 1498
468 1707
468 1603
469 470
470 771
470 770
471 472
472 1080
472 1448
472 474
472 1472
473 474
475 476
476 768
476 769
477 478
478 479
479 480
480 481
481 766
481 767
482 483
483 484
483 1313
483 1695
483 1696
483 1610
485 486
486 588
487 488
488 689
488 490
489 490
490 611
491 492
492 763
492 764
493 494
494 499
494 1059
494 498
494 1386
495 496
496 498
496 762
497 498
498 1701
498 742
498 1138
500 501
501 1544
501 1156
501 1304
501 1155
502 503
503 1107
503 1159
504 505
505 1506
505 1034
505 506
505 1564
509 510
510 511
510 512
512 760
512 759
513 514
514 743
515 516
516 1250
516 1025
516 1527
518 519
521 522
522 1495
522 1563
522 708
523 524
524 526
524 755
524 525
527 528
528 753
528 754
528 529
531 532
532 1343
532 1344
532 789
532 533
532 1066
532 534
532 536
532 535
537 538
538 1130
538 1568
538 1722
538 540
538 1216
538 881
539 540
540 1464
540 1368
541 542
543 544
544 1327
544 1459
544 626
544 545
544 546
544 628
544 548
544 731
544 1231
544 1698
547 548
549 550
550 1672
550 648
550 1657
550 1691
551 552
552 751
556 557
557 1635
557 560
557 1569
557 793
557 558
559 560
560 648
560 561
563 564
564 986
564 750
564 1557
564 606
565 566
566 749
566 750
567 568
568 1200
568 1054
568 902
569 570
570 571
570 1562
570 599
570 1017
572 573
573 666
573 748
574 575
575 1454
575 1279
575 979
576 577
577 578
577 579
579 580
580 746
580 747
581 582
582 1339
582 583
582 585
584 585
585 745
585 586
587 588
588 765
589 590
590 744
592 593
593 1699
593 1229
593 1615
593 1709
593 1435
594 595
595 791
595 1229
595 792
595 1683
596 597
597 743
598 599
599 602
599 1562
599 742
599 600
599 601
603 604
604 741
604 742
605 606
606 608
606 1027
606 756
607 608
608 779
608 750
608 609
610 611
611 1132
612 613
613 614
613 616
613 1361
613 1636
613 1323
613 1720
615 616
616 1561
616 1033
617 618
618 619
620 621
621 622
622 1535
622 1438
622 1417
622 1437
623 624
624 986
624 1574
624 1575
625 626
627 628
629 630
630 653
630 1099
630 917
630 1100
630 655
631 632
632 839
632 758
633 634
634 739
634 740
635 636
636 638
636 637
638 683
638 682
639 640
640 738
640 641
640 737
642 643
643 736
644 645
645 800
646 647
647 648
648 1560
649 650
650 1211
650 1024
651 652
652 735
654 655
655 1244
655 874
655 1245
655 1461
656 657
657 733
657 734
658 659
659 785
659 786
659 770
659 787
659 788
660 661
661 1559
661 863
662 663
663 1491
663 664
663 1681
663 1682
665 666
666 732
667 668
668 751
668 1442
668 862
668 1061
669 670
670 730
670 671
670 731
672 673
673 851
673 770
673 703
673 1407
674 675
675 676
676 692
676 729
678 679
679 877
679 745
679 1558
680 681
681 1092
681 1016
681 1093
681 1015
683 1580
683 987
683 744
685 686
686 727
687 688
688 689
689 1576
689 1471
689 875
691 692
692 1557
692 693
694 695
696 697
697 721
697 700
697 698
697 1090
699 700
700 701
700 1450
700 1089
702 703
704 705
705 706
706 1688
706 1640
706 1693
706 1637
706 1522
707 708
708 1495
708 1205
708 1238
708 709
708 1204
708 1603
711 712
712 1567
712 1551
712 900
712 835
713 714
714 726
714 725
714 715
716 717
717 719
717 718
719 723
719 724
720 721
721 722
722 1496
722 969
723 903
724 1545
724 1141
724 891
724 951
724 1254
724 989
725 1704
725 841
725 1095
725 1631
725 1687
725 1587
726 1266
726 1703
727 895
728 1710
729 1645
729 1054
729 1272
729 1525
731 1259
731 1258
731 1598
732 1143
732 1236
733 1263
733 1685
734 1667
735 1716
735 1383
735 1121
736 1600
736 1702
736 1565
737 949
738 773
738 980
738 1548
739 1645
740 1629
740 883
741 933
742 1126
742 1117
743 899
743 917
743 1659
744 988
745 1694
745 878
745 1489
746 825
747 817
747 818
747 825
748 906
748 1606
749 1062
749 1122
750 1382
750 1119
750 1228
750 1050
750 1062
750 1721
752 779
752 780
753 1539
753 807
753 754
754 818
756 1593
757 1003
758 1004
758 1003
759 760
760 1333
760 1334
761 827
761 1037
761 777
762 825
762 891
763 1357
764 1102
764 1518
764 949
765 1033
766 967
768 769
769 874
769 953
770 1710
770 787
770 1477
771 1710
771 1217
771 1707
771 1682
772 1080
773 980
773 973
774 775
775 1324
775 803
775 802
776 1300
777 1140
777 1714
778 806
778 783
779 1620
779 1188
780 1026
780 1234
780 1626
782 1212
783 1690
783 1417
784 920
785 1285
785 786
786 1336
787 1570
789 1689
789 1223
789 1230
789 1591
790 935
790 1591
791 792
792 1409
792 1555
794 1229
795 825
795 1230
796 1653
796 1541
797 1332
797 872
797 1541
798 1379
799 1544
799 1596
799 1304
800 1490
800 801
800 1471
800 1187
802 803
803 804
804 857
807 1356
807 808
807 1337
807 1520
808 1298
808 1429
808 1456
809 810
809 811
810 812
811 1001
811 1311
811 812
811 1000
811 1690
811 1240
811 907
812 1438
812 1241
812 908
812 1508
813 1502
813 1081
813 814
814 1517
815 957
816 1552
816 1427
817 1156
817 1589
817 1595
818 1632
819 1577
819 1094
819 1632
819 1687
819 1511
820 1265
820 1050
821 1582
823 824
824 1141
824 1554
824 1057
827 1651
827 1536
827 1498
827 1650
827 1548
828 863
829 1082
829 1501
830 1436
830 1552
830 1251
831 832
832 833
833 997
833 998
833 1308
833 1170
833 1521
833 1681
833 1494
834 1550
834 1556
835 1701
835 901
835 886
835 840
836 1145
836 1144
837 1419
837 1546
837 1144
838 839
840 1551
840 1550
841 1333
841 1542
842 1517
842 1549
843 844
844 1228
844 1654
845 1195
846 1573
846 848
847 1286
847 914
848 859
848 890
849 1350
849 1014
849 1011
850 1014
850 1351
850 1011
851 1476
852 1213
853 1596
854 1265
855 914
855 1031
856 1325
858 1064
858 1073
858 1063
859 1496
859 1359
861 1008
861 1009
861 955
861 1010
861 1375
861 1374
862 1585
864 1320
865 866
865 867
866 871
867 1378
868 869
868 870
869 1679
869 1708
869 1046
870 1634
870 1700
870 1633
871 872
872 1540
872 1127
873 874
873 875
874 1463
874 1512
874 1367
874 1197
874 875
874 953
874 1449
874 1461
875 1367
875 1576
875 1133
875 1449
876 877
876 878
877 1706
878 1039
878 879
878 1380
879 880
880 893
880 1581
881 882
884 885
884 886
886 1148
887 888
887 889
888 1357
889 1216
889 1362
890 891
891 1674
892 893
892 894
894 1362
894 1109
895 1643
895 1644
896 897
897 898
898 1364
900 901
901 1025
903 1523
904 906
904 905
905 1363
906 1112
907 908
908 1475
908 1713
908 1241
908 1510
908 1508
909 911
909 910
910 1357
912 914
912 913
913 1286
913 1074
915 917
915 916
917 1002
917 1576
917 1187
917 1100
917 1245
917 1658
917 1198
918 919
919 920
920 1436
920 1624
921 923
921 922
922 1490
923 1152
924 926
924 925
925 1412
926 1466
927 928
927 929
928 1373
929 1712
929 1610
929 1644
930 931
931 1014
932 934
932 933
934 1141
934 1065
935 936
936 1219
937 939
937 938
938 1048
938 1486
938 1060
939 1185
940 942
940 941
941 1551
941 1567
942 1647
942 978
942 1646
943 944
943 945
944 1373
944 1084
945 1373
945 1616
946 947
946 948
947 1037
948 1242
950 952
950 951
952 1167
952 1481
954 955
954 956
956 1075
957 1316
957 1256
958 959
958 960
959 1178
960 1096
960 1137
961 963
961 962
962 964
963 1178
963 1562
963 1137
963 1553
964 1404
964 1097
964 1089
965 966
965 967
966 1041
968 969
968 970
970 1184
971 972
971 973
972 1080
972 1189
972 1448
972 1536
972 1079
973 1189
973 1447
973 1650
974 975
974 976
975 1411
975 1573
976 1173
976 1399
976 1466
976 1412
977 978
977 979
978 1605
979 1443
981 982
982 983
983 1034
984 985
984 986
985 1457
985 1445
986 1666
986 1593
986 1446
986 1444
987 988
988 1151
988 1422
988 1171
990 991
990 992
991 994
992 993
992 996
992 1290
993 994
994 1152
994 995
994 1132
995 996
996 1085
996 1084
997 998
999 1001
999 1000
1000 1001
1000 1474
1001 1324
1005 1006
1006 1007
1006 1008
1006 1010
1012 1013
1013 1611
1013 1014
1014 1604
1014 1547
1015 1016
1016 1093
1016 1095
1016 1094
1018 1019
1018 1020
1019 1222
1019 1294
1019 1543
1020 1110
1020 1221
1021 1022
1022 1101
1023 1024
1024 1561
1024 1594
1026 1027
1027 1666
1027 1621
1028 1029
1028 1030
1030 1403
1030 1184
1032 1033
1033 1268
1034 1506
1035 1036
1036 1620
1036 1440
1036 1188
1038 1039
1038 1040
1040 1215
1041 1485
1041 1355
1042 1043
1043 1270
1043 1507
1043 1190
1043 1564
1043 1160
1044 1045
1044 1046
1045 1149
1045 1622
1046 1679
1047 1048
1048 1486
1048 1186
1049 1050
1050 1574
1051 1053
1051 1052
1052 1053
1053 1711
1053 1245
1056 1057
1057 1553
1058 1059
1059 1672
1059 1299
1059 1394
1061 1062
1062 1442
1062 1382
1062 1716
1062 1499
1063 1064
1064 1074
1064 1073
1065 1066
1067 1068
1068 1284
1069 1070
1070 1627
1071 1072
1072 1470
1076 1077
1076 1078
1077 1201
1078 1103
1078 1560
1079 1080
1080 1651
1081 1082
1083 1085
1083 1084
1085 1468
1085 1610
1086 1088
1086 1087
1087 1335
1088 1142
1088 1231
1090 1091
1091 1192
1092 1093
1094 1511
1095 1632
1096 1097
1098 1099
1098 1100
1099 1208
1099 1235
1099 1245
1100 1420
1100 1462
1101 1161
1102 1103
1103 1519
1104 1105
1104 1106
1105 1107
1106 1595
1106 1596
1107 1675
1108 1110
1108 1109
1110 1464
1111 1113
1111 1112
1113 1431
1114 1115
1114 1116
1115 1322
1116 1360
1116 1583
1116 1669
1117 1118
1118 1194
1118 1545
1118 1173
1118 1141
1118 1126
1118 1482
1118 1478
1120 1121
1120 1122
1121 1480
1121 1122
1122 1716
1122 1676
1123 1124
1123 1125
1124 1597
1125 1597
1125 1158
1125 1654
1127 1128
1128 1332
1128 1331
1129 1130
1129 1131
1131 1458
1134 1580
1134 1627
1135 1137
1135 1136
1136 1195
1139 1140
1139 1141
1141 1545
1142 1143
1145 1310
1145 1253
1146 1148
1146 1147
1147 1386
1149 1150
1150 1708
1150 1622
1151 1152
1152 1421
1152 1171
1153 1154
1154 1545
1154 1173
1155 1156
1156 1715
1156 1303
1156 1304
1156 1588
1157 1158
1158 1642
1159 1160
1160 1190
1160 1675
1162 1164
1162 1163
1163 1362
1164 1380
1165 1167
1165 1166
1166 1220
1167 1194
1168 1169
1169 1602
1169 1239
1172 1173
1172 1174
1173 1309
1173 1478
1173 1310
1175 1176
1175 1177
1176 1233
1176 1497
1176 1234
1177 1465
1177 1445
1178 1195
1179 1181
1179 1180
1180 1428
1181 1201
1181 1657
1181 1691
1182 1184
1182 1183
1183 1450
1185 1186
1191 1192
1191 1193
1193 1358
1196 1197
1196 1198
1197 1580
1198 1539
1198 1580
1198 1711
1199 1200
1200 1388
1200 1459
1202 1203
1203 1270
1204 1205
1205 1206
1205 1707
1207 1208
1207 1209
1208 1528
1208 1423
1209 1528
1209 1235
1209 1423
1210 1211
1210 1212
1213 1675
1214 1216
1214 1215
1217 1218
1218 1237
1219 1619
1219 1435
1220 1460
1220 1372
1221 1222
1223 1224
1224 1264
1225 1226
1226 1645
1226 1598
1226 1557
1226 1698
1227 1228
1228 1445
1229 1689
1229 1591
1232 1233
1232 1234
1233 1415
1233 1692
1233 1433
1234 1666
1234 1415
1234 1626
1234 1434
1234 1445
1236 1237
1237 1663
1237 1627
1238 1239
1239 1329
1239 1328
1240 1241
1241 1510
1242 1243
1243 1696
1244 1245
1245 1420
1246 1248
1246 1247
1247 1248
1247 1249
1248 1250
1249 1634
1249 1359
1250 1634
1250 1527
1251 1252
1252 1656
1252 1424
1253 1254
1254 1371
1255 1257
1255 1256
1257 1640
1257 1340
1257 1637
1258 1259
1259 1260
1261 1262
1261 1263
1262 1667
1262 1322
1263 1685
1265 1579
1266 1267
1267 1590
1267 1589
1268 1269
1271 1272
1272 1664
1273 1274
1273 1275
1274 1276
1275 1524
1277 1278
1277 1279
1278 1280
1279 1572
1279 1287
1280 1287
1281 1282
1281 1283
1282 1443
1283 1691
1283 1352
1284 1285
1287 1288
1288 1455
1290 1291
1291 1313
1292 1293
1292 1294
1293 1492
1293 1609
1293 1608
1294 1493
1294 1717
1295 1296
1296 1688
1296 1637
1296 1660
1297 1298
1299 1300
1301 1302
1302 1318
1303 1304
1304 1544
1304 1589
1305 1306
1305 1307
1306 1308
1307 1601
1307 1688
1309 1310
1310 1460
1311 1312
1312 1516
1313 1468
1313 1467
1313 1644
1313 1695
1313 1483
1314 1315
1315 1710
1316 1317
1317 1318
1319 1320
1321 1322
1321 1323
1322 1534
1322 1504
1322 1608
1323 1673
1325 1416
1326 1327
1328 1329
1329 1330
1330 1498
1331 1332
1332 1652
1332 1653
1334 1365
1334 1542
1334 1631
1335 1336
1338 1339
1338 1340
1339 1489
1340 1427
1340 1500
1341 1342
1342 1540
1342 1541
1343 1344
1344 1379
1344 1345
1346 1347
1346 1348
1347 1363
1347 1606
1348 1370
1348 1431
1348 1664
1348 1395
1349 1350
1349 1351
1350 1547
1351 1604
1352 1353
1353 1443
1353 1473
1354 1355
1355 1485
1357 1458
1358 1359
1360 1361
1363 1370
1363 1606
1364 1397
1365 1366
1366 1577
1366 1632
1368 1369
1369 1493
1371 1372
1373 1644
1374 1375
1375 1614
1375 1612
1375 1611
1376 1378
1376 1377
1377 1399
1377 1400
1378 1540
1378 1401
1381 1382
1381 1383
1383 1639
1383 1716
1384 1385
1384 1386
1385 1387
1387 1394
1388 1389
1389 1432
1392 1393
1392 1394
1393 1428
1395 1396
1397 1398
1398 1673
1398 1543
1398 1669
1401 1402
1403 1404
1404 1452
1404 1414
1404 1453
1404 1546
1404 1554
1405 1406
1406 1466
1408 1409
1408 1410
1409 1684
1410 1661
1410 1615
1410 1617
1411 1412
1413 1414
1416 1417
1417 1713
1418 1419
1421 1422
1424 1425
1425 1426
1425 1427
1426 1427
1428 1672
1433 1434
1434 1692
1434 1445
1437 1438
1438 1510
1439 1441
1439 1440
1441 1690
1444 1445
1445 1457
1445 1497
1445 1692
1445 1446
1447 1448
1448 1472
1451 1452
1451 1453
1452 1554
1453 1554
1454 1455
1455 1473
1458 1491
1462 1463
1463 1512
1466 1546
1467 1468
1469 1471
1469 1470
1471 1576
1474 1475
1475 1509
1476 1477
1477 1570
1479 1480
1480 1638
1480 1676
1481 1482
1483 1484
1484 1696
1484 1695
1487 1488
1487 1489
1488 1565
1489 1694
1489 1641
1492 1493
1494 1495
1498 1651
1499 1500
1501 1502
1503 1504
1504 1607
1504 1524
1505 1506
1505 1507
1507 1564
1509 1510
1513 1515
1513 1514
1515 1708
1516 1697
1516 1535
1518 1519
1521 1522
1522 1603
1524 1534
1524 1686
1526 1527
1527 1677
1529 1531
1529 1530
1530 1533
1530 1582
1531 1623
1531 1625
1532 1533
1536 1651
1538 1658
1538 1659
1539 1711
1541 1652
1542 1704
1543 1671
1545 1553
1551 1649
1552 1655
1555 1615
1555 1683
1556 1701
1557 1592
1559 1585
1560 1635
1560 1657
1561 1636
1562 1573
1563 1682
1563 1603
1565 1599
1566 1702
1566 1660
1567 1647
1567 1648
1569 1584
1575 1680
1575 1579
1575 1598
1577 1687
1578 1628
1578 1629
1582 1642
1583 1584
1584 1717
1584 1671
1585 1586
1587 1588
1587 1589
1588 1704
1589 1715
1590 1715
1590 1595
1592 1593
1599 1601
1599 1600
1600 1688
1601 1706
1601 1693
1602 1603
1605 1646
1605 1648
1606 1663
1607 1608
1607 1609
1611 1613
1611 1614
1612 1613
1612 1614
1613 1614
1614 1630
1616 1712
1616 1643
1616 1644
1617 1618
1617 1619
1618 1699
1618 1662
1619 1684
1619 1662
1620 1621
1621 1626
1622 1679
1623 1625
1623 1624
1625 1642
1625 1654
1628 1629
1629 1680
1631 1632
1633 1634
1638 1639
1639 1655
1640 1641
1644 1719
1645 1680
1646 1647
1648 1649
1649 1701
1650 1651
1652 1653
1655 1656
1656 1676
1658 1659
1661 1662
1663 1664
1667 1686
1668 1669
1668 1670
1668 1671
1670 1673
1677 1678
1678 1700
1679 1708
1681 1682
1683 1684
1684 1689
1685 1686
1688 1702
1690 1713
1693 1694
1694 1706
1696 1712
1700 1701
1703 1704
1703 1705
