85 242
36 78 
36 77 
78 77 
82 36 
82 77 
36 4 
82 4 
7 24 
7 62 
24 62 
24 14 
24 29 
14 29 
14 7 
18 20 
18 78 
20 78 
58 56 
58 13 
56 13 
55 18 
55 78 
36 55 
8 83 
8 17 
83 17 
69 32 
69 13 
32 13 
76 32 
76 69 
32 63 
76 63 
22 58 
22 13 
26 20 
26 18 
82 54 
54 4 
54 56 
56 4 
56 16 
16 4 
16 36 
16 55 
79 80 
79 77 
80 77 
80 76 
79 76 
80 82 
76 48 
48 63 
79 48 
21 32 
21 35 
32 35 
9 32 
9 63 
9 35 
21 71 
21 40 
71 40 
71 35 
65 48 
65 1 
48 1 
65 63 
28 7 
28 62 
52 28 
52 62 
52 12 
52 84 
12 84 
12 6 
6 84 
12 62 
22 39 
39 58 
39 6 
6 58 
39 84 
26 64 
26 58 
64 58 
16 64 
64 55 
64 18 
64 56 
26 53 
53 20 
6 25 
25 58 
25 26 
12 25 
25 53 
25 37 
37 53 
25 62 
37 62 
54 2 
2 56 
2 69 
2 13 
2 82 
80 2 
2 76 
67 8 
67 17 
67 27 
27 8 
5 67 
5 17 
5 27 
27 31 
5 31 
27 34 
34 8 
34 31 
32 73 
73 13 
21 73 
73 40 
40 13 
50 15 
50 60 
15 60 
50 65 
50 1 
30 71 
30 35 
71 60 
30 60 
46 52 
46 84 
46 28 
11 45 
11 17 
45 17 
53 51 
51 20 
24 51 
51 62 
51 29 
20 29 
44 61 
44 19 
61 19 
61 23 
61 31 
23 31 
44 23 
34 49 
49 8 
49 83 
49 15 
15 83 
49 60 
34 60 
0 71 
0 60 
34 0 
42 50 
42 60 
42 65 
30 42 
30 65 
15 47 
47 83 
50 47 
83 1 
47 1 
9 70 
70 35 
70 30 
46 43 
43 28 
43 7 
23 74 
23 40 
74 40 
74 39 
74 22 
74 13 
37 38 
38 53 
38 51 
38 62 
61 57 
57 19 
57 5 
57 17 
45 57 
45 19 
81 34 
81 31 
81 0 
23 81 
81 40 
71 81 
30 59 
59 65 
70 59 
59 63 
59 9 
33 14 
33 7 
43 33 
75 43 
75 46 
75 44 
75 19 
45 75 
75 11 
75 33 
44 72 
72 23 
72 74 
72 39 
72 84 
72 46 
72 75 
57 10 
10 5 
10 61 
10 31 
66 70 
66 9 
59 66 
33 3 
3 14 
3 29 
75 41 
41 33 
41 3 
68 75 
68 11 
68 41 
68 3 
68 29 
68 17 
