95 271
0 258271.67508166947 132980.90785369254
1 976060.4700159668 672497.062755628
2 27504.16549309542 380871.3291500799
3 391229.1466372806 32480.825226532506
4 752393.2059210099 859138.4329012843
5 388038.2262106413 206594.88619757883
6 271982.318664578 131515.878220575
7 156492.4047848054 638101.2702025281
8 336149.4144366388 336366.08394934755
9 191949.07440597008 376650.68277872994
10 589141.8054064306 112030.18846022771
11 797984.7880346071 641076.7772903023
12 813490.230695618 441420.889310033
13 385100.0144460157 287382.7452252945
14 51342.61728369305 506484.87173115485
15 211202.97225647655 440419.1544306445
16 288511.94445771445 188342.7626778098
17 586691.9466619155 521763.46752297174
18 36941.50716235745 26600.884630741282
19 388763.2716206001 824144.6140867256
20 948949.0809062455 193486.98213795657
21 756743.1160756743 819285.1717706667
22 920011.2905472481 282285.4214077755
23 466424.17215012485 311947.30718782835
24 995058.6575816278 223712.35049344052
25 11849.126740209547 977052.0701201482
26 265762.6358174979 712057.147795787
27 484597.2618693366 155728.61718177234
28 919087.033529641 851050.353204099
29 222862.8664186486 296836.6154677695
30 430432.1128812234 327844.25681092835
31 842087.0798206431 376355.0308425412
32 42873.06218309583 648230.4364678797
33 66895.42763246836 619792.5955381752
34 308629.33393490565 176081.4391299067
35 454017.8855897092 571228.7183966154
36 273502.6922476499 839484.7335481702
37 725352.9594240614 880605.7186661394
38 736360.6797884174 21916.440574173303
39 351664.81986298517 663286.2249378514
40 270908.20582048735 559052.0304237542
41 804501.8565881593 824169.4786234271
42 495902.14372903516 27735.086043689684
43 107482.85912792411 842197.3433917408
44 357812.0440068555 904428.7030103684
45 136234.28080088273 491772.7530848338
46 19048.306135642455 738926.6503260582
47 892139.1041053296 240458.27471512815
48 771835.38404988 736544.1680687908
49 55585.777705498884 200881.59073532542
50 542174.0175054155 502309.12083091284
51 726771.1044000575 775644.8364685869
52 960719.1768121208 1074.863602227527
53 896526.8550237936 846758.8794032361
54 842700.2672389806 271282.3939415367
55 61176.76706293573 3826.064231869264
56 243443.05600106975 574112.9646549388
57 7600.69596791435 915002.1739967949
58 836536.5876958346 156904.94293524494
59 550596.9725652671 950316.8980379871
60 487794.27976059786 447270.95562378626
61 877457.692844934 409440.0487837424
62 33519.06717574294 615146.8562122433
63 892416.7114262711 184062.63513921507
64 565498.5052115108 642447.9114246918
65 503028.76614265266 186186.19433992956
66 12986.243103732199 796877.4800045728
67 613369.1862047219 456789.48710852675
68 152659.28821097952 93909.42195064256
69 253921.53140869667 170154.06526138078
70 771071.3415624992 805591.3849445467
71 430050.4263600823 818764.8119593064
72 605440.2664841284 270709.7612649708
73 284141.70906631165 998732.0668453333
74 987114.6632346241 785089.7896971147
75 15283.903491648987 303013.5114834279
76 836563.2707092423 641493.570927118
77 301726.7858452598 23073.504482174267
78 843170.0038051693 173884.28520627675
79 196387.81452495657 833009.8843684437
80 926450.4748031656 188999.93589957064
81 327774.8036060545 792366.1068861171
82 77393.67385892748 890807.7688982644
83 741993.3569727703 321843.3437087236
84 510906.6631303184 402559.17029886565
85 146668.25823928785 53776.85854786507
86 986564.548621146 448604.5591889054
87 208619.39067600644 372211.47657418787
88 277575.063594691 124522.21069825332
89 738905.3553578022 7770.805998003838
90 616907.5841863948 550715.8010850431
91 481051.0118017034 696717.9275637995
92 79333.6055906919 694444.7161420169
93 725692.5412342543 761541.6975803272
94 363495.56639912503 58738.99349472833
74 86 
74 24 
86 24 
82 25 
82 57 
25 57 
66 82 
66 57 
75 62 
75 46 
62 46 
66 75 
66 46 
75 57 
61 86 
61 12 
86 12 
89 55 
89 52 
55 52 
82 73 
73 25 
1 86 
1 74 
46 32 
46 92 
32 92 
62 32 
49 75 
49 18 
75 18 
33 62 
33 14 
62 14 
45 33 
45 14 
33 32 
33 92 
2 45 
2 14 
62 2 
75 2 
80 20 
80 47 
20 47 
20 52 
20 24 
52 24 
80 52 
31 61 
31 12 
22 20 
22 24 
22 47 
86 22 
61 22 
31 22 
15 56 
15 45 
56 45 
90 67 
90 12 
67 12 
37 28 
37 59 
28 59 
28 53 
28 74 
53 74 
53 1 
37 53 
53 4 
37 4 
2 9 
9 45 
15 9 
15 87 
9 87 
9 75 
8 15 
8 87 
63 80 
63 47 
63 52 
63 58 
58 52 
22 54 
54 47 
54 31 
38 89 
38 52 
58 38 
89 77 
77 55 
77 42 
89 42 
68 49 
68 18 
9 29 
29 87 
29 8 
49 29 
29 75 
73 44 
73 59 
44 59 
33 7 
7 92 
7 45 
56 7 
17 50 
17 67 
50 67 
90 17 
50 64 
17 64 
90 64 
11 90 
11 12 
11 64 
50 35 
50 60 
35 60 
35 64 
91 35 
91 64 
78 63 
78 47 
78 58 
54 78 
10 38 
10 58 
89 10 
10 42 
77 94 
77 88 
94 88 
77 85 
85 55 
55 18 
85 18 
85 68 
94 34 
34 88 
34 5 
94 5 
71 91 
71 59 
91 59 
44 71 
71 19 
44 19 
39 35 
39 91 
39 71 
39 19 
79 73 
79 82 
53 76 
76 1 
76 86 
76 12 
76 11 
72 10 
72 58 
3 77 
3 42 
3 94 
68 69 
69 49 
69 29 
29 16 
16 8 
8 13 
16 13 
69 16 
16 5 
5 13 
16 34 
26 7 
26 56 
39 26 
39 56 
26 92 
26 79 
79 92 
40 39 
40 56 
40 35 
40 15 
8 40 
40 60 
8 60 
26 36 
36 79 
36 44 
36 73 
66 43 
43 82 
43 79 
43 92 
43 46 
48 76 
48 53 
48 11 
83 54 
83 31 
83 12 
83 78 
67 83 
72 83 
72 67 
83 58 
84 72 
84 67 
84 50 
84 60 
72 65 
65 10 
34 6 
6 88 
16 6 
6 69 
44 81 
81 19 
36 81 
81 26 
81 39 
41 53 
41 4 
41 48 
11 93 
93 64 
48 93 
93 91 
84 23 
23 72 
23 65 
5 23 
23 13 
65 5 
94 27 
27 5 
27 65 
3 27 
27 42 
10 27 
0 69 
0 68 
0 6 
0 88 
85 0 
0 77 
91 51 
51 59 
93 51 
51 37 
51 48 
30 84 
30 60 
30 23 
8 30 
30 13 
41 70 
70 48 
70 51 
70 21 
21 51 
37 21 
21 4 
21 41 
