55 151
7 26 
7 41 
26 41 
44 12 
44 25 
12 25 
12 10 
10 25 
17 26 
17 45 
26 45 
22 7 
22 41 
23 22 
23 41 
23 7 
31 53 
31 30 
53 30 
38 26 
38 7 
11 8 
11 54 
8 54 
42 54 
42 28 
54 28 
42 11 
4 0 
4 46 
0 46 
10 4 
10 46 
4 12 
4 44 
3 35 
3 46 
35 46 
0 3 
3 17 
17 35 
49 8 
49 11 
53 21 
21 30 
21 41 
41 30 
21 23 
35 40 
40 46 
40 10 
26 32 
32 45 
38 32 
27 53 
27 31 
38 27 
38 6 
27 6 
27 7 
39 27 
39 31 
39 6 
27 21 
23 27 
39 5 
5 6 
54 18 
54 14 
18 14 
8 18 
18 49 
49 14 
24 42 
24 41 
42 41 
24 11 
26 24 
11 26 
43 3 
43 0 
3 16 
16 17 
16 49 
16 11 
16 14 
16 26 
16 43 
43 14 
36 40 
36 35 
36 17 
36 45 
32 36 
40 48 
36 48 
10 13 
13 25 
40 13 
47 38 
47 6 
47 32 
36 47 
47 48 
19 39 
19 15 
39 15 
19 5 
29 43 
29 0 
54 29 
29 28 
29 4 
29 44 
29 14 
13 51 
51 25 
1 40 
1 48 
1 13 
52 1 
52 48 
5 20 
20 6 
52 20 
52 5 
20 47 
20 48 
9 52 
9 5 
34 1 
34 52 
9 34 
50 19 
50 15 
50 5 
37 51 
37 13 
1 37 
33 9 
33 5 
50 33 
33 34 
34 15 
33 15 
34 2 
2 1 
2 37 
2 15 
51 2 
51 15 
