50 136
0 705827.2979202236 953824.6336457229
1 810661.1326970386 604681.8194169849
2 725439.7410688265 421168.97523418575
3 876140.1980378215 469346.28199824825
4 183598.89003696572 631593.4936178878
5 318452.9268990143 398154.46900392027
6 472832.63185355783 936109.1538351926
7 455844.8132642378 907732.2287109937
8 322159.78179016645 538441.4999144463
9 493287.05403641815 337524.457699063
10 34112.54182355195 134103.4540467587
11 335695.02370271797 766181.6272131585
12 558626.9220290838 545823.9462051361
13 969414.509585213 817625.3034333639
14 447267.8306224136 883990.7072410331
15 750509.7440384063 726690.5272641609
16 901746.64381575 93933.64600872267
17 580204.1255385864 818723.3063099013
18 592749.5034070048 50496.32443685681
19 637815.425064216 274726.9035829487
20 466411.88050523744 350549.4993291808
21 410859.308151178 676306.4293762908
22 628590.4977201055 548448.9329109908
23 266261.8508694896 946657.8077101058
24 730332.7292561035 376410.041462464
25 179515.3114348207 456204.75473612687
26 482443.6010909584 959450.2215051716
27 463688.8898447985 92028.2959474894
28 728592.6379925973 470058.8366260131
29 978841.2485468527 253314.5025794533
30 890010.0267485088 557539.1251376994
31 916049.0409904293 609535.6195986929
32 545005.3908452487 910829.6553764701
33 103664.9450131647 289525.21881319495
34 895747.5271911476 834645.9429876173
35 880061.4913458028 922206.6641745991
36 945822.2826853401 767308.0296585826
37 762530.1633517052 965285.6821980549
38 43885.66444363562 694056.8541191659
39 320985.4414865889 427840.7851701715
40 215274.98139600953 584671.3429467072
41 817342.0649872755 78079.40513445144
42 482437.8625382568 153205.46366170674
43 365400.3618613354 815239.523700176
44 663454.228285182 8549.498848715475
45 891095.1104103798 704140.093870034
46 493209.6373140473 803862.2778064276
47 271068.8723486875 943910.5616183861
48 420426.9119950277 55026.07534874371
49 890586.0530479753 726432.6621233604
13 31 
13 29 
31 29 
41 24 
41 19 
24 19 
41 44 
41 16 
44 16 
41 29 
16 29 
24 29 
3 24 
3 29 
31 3 
3 30 
31 30 
48 18 
48 27 
18 27 
44 18 
44 48 
18 41 
18 19 
48 33 
48 10 
33 10 
5 33 
5 48 
33 25 
5 25 
33 38 
38 10 
25 38 
21 8 
21 12 
8 12 
46 32 
46 14 
32 14 
32 17 
46 17 
17 12 
46 12 
46 21 
11 23 
11 38 
23 38 
0 15 
0 37 
15 37 
15 17 
0 17 
0 32 
31 1 
1 30 
1 3 
1 28 
28 3 
9 2 
9 12 
2 12 
3 2 
2 24 
28 2 
2 19 
9 19 
42 48 
42 27 
42 5 
9 42 
42 19 
18 42 
0 26 
26 32 
26 37 
8 39 
39 12 
5 39 
39 25 
8 25 
25 4 
4 38 
4 11 
43 46 
43 14 
43 21 
43 11 
11 21 
36 31 
36 13 
45 49 
45 15 
49 15 
1 45 
1 15 
45 31 
36 45 
36 49 
2 22 
22 12 
22 28 
1 22 
22 15 
22 17 
42 20 
20 5 
20 9 
20 39 
20 12 
26 6 
6 32 
8 40 
40 25 
40 4 
40 21 
11 40 
11 47 
47 23 
43 47 
47 14 
47 26 
26 23 
47 6 
36 34 
34 49 
34 15 
35 34 
35 13 
34 13 
34 37 
35 37 
32 7 
7 14 
6 7 
7 47 
