25 65
0 684667.40363104 188216.48174132477
1 421668.22545048513 320171.25327490806
2 971944.2013384784 724456.3013453332
3 568734.9425045566 560870.5122767723
4 539740.8711140576 85884.87841182102
5 198995.36181632004 579219.3889322919
6 780815.2585399899 879147.5105080209
7 526398.8115399875 769548.5100614101
8 974566.0761118963 725888.0006678387
9 894967.4186354551 684148.7738754472
10 174139.00290168126 463897.47766929877
11 331919.9907911512 994034.4482664904
12 981144.4658812406 328639.2207109331
13 583950.8371151728 674839.456953667
14 51249.799688219966 536408.2568937821
15 528618.9704769076 108626.04505891015
16 294191.47592993046 559836.2744729648
17 804399.0927749446 730521.7081044981
18 521352.69987040403 32596.214204571927
19 892840.5367684847 483116.8831836773
20 87941.66320394725 14366.461078016646
21 549457.943075119 645011.7165478641
22 244395.00090611776 245358.59132520267
23 804330.9827557643 915805.0596617891
24 483424.0140874245 515226.30092552525
0 18 
0 12 
18 12 
20 22 
20 14 
22 14 
18 22 
18 20 
16 7 
16 11 
7 11 
19 0 
19 12 
0 3 
19 3 
8 19 
8 12 
6 23 
6 11 
23 11 
7 6 
13 6 
13 7 
22 10 
10 14 
1 10 
1 22 
10 16 
1 16 
5 11 
5 14 
11 14 
5 16 
10 5 
15 22 
15 18 
15 1 
1 0 
15 0 
1 24 
24 16 
24 0 
24 3 
19 2 
19 9 
2 9 
8 2 
2 23 
8 23 
6 2 
13 17 
17 6 
2 17 
17 9 
17 3 
13 3 
19 17 
0 4 
4 18 
4 15 
21 13 
21 7 
16 21 
24 21 
21 3 
