35 91
12 13 
12 28 
13 28 
13 1 
1 28 
31 8 
31 18 
8 18 
15 8 
15 31 
8 13 
8 12 
15 13 
26 17 
26 18 
17 18 
9 14 
9 30 
14 30 
15 9 
15 30 
9 31 
11 19 
11 3 
19 3 
19 14 
11 14 
10 11 
10 3 
10 23 
10 2 
23 2 
11 22 
22 14 
29 23 
29 34 
23 34 
1 29 
29 28 
29 4 
4 28 
4 34 
20 17 
20 26 
20 32 
26 32 
14 20 
14 32 
9 20 
19 16 
16 3 
16 14 
3 32 
16 32 
0 10 
0 2 
0 11 
33 22 
33 2 
22 2 
5 9 
5 31 
5 20 
5 17 
5 18 
6 22 
6 11 
0 6 
23 27 
27 2 
27 33 
25 1 
25 13 
25 15 
25 30 
24 0 
24 2 
24 6 
22 24 
21 25 
21 30 
25 22 
21 22 
14 21 
33 7 
7 22 
7 25 
29 7 
7 23 
7 1 
7 27 
