35 92
0 981609.5958959211 599216.6614161339
1 870806.2455657137 827099.4403947747
2 268575.8628664269 675760.8171805037
3 251144.68923502942 436134.4122607804
4 989820.3562218652 61593.59031987266
5 602661.2756919701 891107.4397188298
6 835423.0100875937 541043.10084449
7 403316.31434651196 336435.02086799726
8 339664.7626780356 945979.3188011579
9 622817.3127443901 50315.34520930381
10 759047.0404192961 266904.6386173123
11 840439.8981063251 444497.8792921454
12 152192.99229124005 446671.58363724034
13 641696.1465433643 927817.4990541498
14 929932.7934997518 63181.88308488049
15 234481.68016655068 150432.2119428779
16 565408.8418603541 122130.08181337459
17 799131.9275521364 799569.1312881625
18 197143.09375804462 267993.2199854178
19 930407.9873541039 968274.8121671875
20 433515.9569995105 401038.1867927265
21 778779.0900396927 105084.42539980811
22 547796.6509374458 130683.83615789359
23 787176.4766229577 242015.1049497893
24 896382.7205973729 13958.162975934774
25 120563.15692253117 774287.8620138898
26 705895.6417164949 328201.67400685616
27 194597.7462205134 547315.7115027341
28 187924.12181227704 835774.7823967542
29 34286.57464446239 196182.53670710328
30 788463.874890372 744682.3965646086
31 117889.42293400562 149141.55512055938
32 209705.75603217047 935888.2206901929
33 971696.9222006236 633003.2789366946
34 854790.1117335409 257110.82413700904
15 31 
15 9 
31 9 
3 7 
3 20 
7 20 
6 30 
6 20 
30 20 
30 1 
30 17 
1 17 
12 3 
12 27 
3 27 
12 25 
12 29 
25 29 
25 27 
22 7 
22 15 
7 15 
22 9 
16 22 
16 9 
7 18 
18 15 
18 3 
12 18 
18 31 
31 29 
18 29 
14 24 
14 4 
24 4 
26 6 
26 20 
7 26 
22 26 
26 16 
11 0 
11 6 
0 6 
26 11 
0 33 
33 6 
33 30 
33 1 
33 19 
0 19 
1 19 
13 1 
13 19 
13 17 
34 14 
34 4 
0 34 
0 4 
11 34 
14 21 
21 24 
24 9 
21 9 
21 34 
21 23 
34 23 
21 16 
25 28 
25 32 
28 32 
30 5 
5 20 
5 17 
13 5 
10 11 
10 26 
10 34 
10 23 
10 16 
21 10 
5 2 
2 20 
2 3 
2 27 
2 25 
2 28 
2 8 
8 28 
8 5 
8 32 
8 13 
8 19 
