45 123
11 34 
11 15 
34 15 
28 2 
28 15 
2 15 
34 28 
36 34 
36 11 
3 39 
3 2 
39 2 
37 38 
37 9 
38 9 
24 35 
24 27 
35 27 
7 24 
7 27 
14 24 
14 7 
44 0 
44 11 
0 11 
0 9 
44 9 
0 36 
34 42 
34 21 
42 21 
42 38 
38 21 
36 42 
38 36 
8 7 
8 27 
19 8 
19 41 
8 41 
38 29 
29 21 
37 29 
6 29 
6 37 
29 4 
4 21 
6 4 
39 17 
39 20 
17 20 
28 1 
1 2 
1 3 
3 18 
18 39 
23 44 
23 35 
44 35 
24 23 
33 38 
33 36 
0 33 
33 9 
16 19 
16 7 
19 7 
8 16 
22 19 
22 41 
22 17 
17 19 
22 20 
22 8 
8 20 
43 1 
43 28 
43 3 
43 18 
25 37 
25 9 
44 25 
23 25 
25 5 
5 37 
5 23 
31 6 
31 37 
5 31 
6 14 
31 14 
5 14 
5 26 
26 14 
26 23 
26 24 
30 4 
30 6 
19 30 
30 7 
30 14 
17 10 
10 19 
10 39 
18 10 
43 40 
40 18 
40 10 
40 12 
12 10 
12 30 
12 19 
32 43 
32 28 
32 40 
32 34 
32 12 
13 34 
13 21 
13 32 
4 13 
13 12 
30 13 
