80 223
0 265161.23127076117 745469.243442134
1 568576.7533704025 665162.6333065191
2 508012.8184661793 915839.5943876691
3 511927.1339922115 945773.517760205
4 865974.0247090159 400158.75351243524
5 191641.52775654264 867285.1095626098
6 815431.0136831042 706578.4154066887
7 5987.378453964021 319054.3745516935
8 242610.50550001508 263530.8322216533
9 974505.7715043047 334810.09135720955
10 190552.7632101197 838356.7855269597
11 256302.5912013719 3928.5375116852038
12 462437.7781890866 420362.48864514416
13 958581.9026567014 252507.78151039366
14 244517.0536425202 4098.492995139757
15 588727.6823076264 719330.76828092
16 282284.6152067701 832442.46230498
17 963855.6623149288 164765.35565580075
18 292826.67660693475 544667.2627412434
19 401349.35856194544 978372.3295647419
20 887453.4067544381 174740.52652110707
21 993054.5466200919 722231.2091182969
22 345323.11414920836 873691.0802294549
23 43698.29606001607 477651.15445348626
24 297395.56543532474 249435.6994968592
25 821121.5737449928 211587.10399535485
26 774766.2352289035 484399.96008992445
27 122891.77541540064 442343.1585934605
28 114729.54885884612 709951.564315059
29 165311.42639688135 435496.7172975306
30 569144.8660592366 445553.2884902718
31 205681.24569375257 931098.0675036277
32 82695.13938563921 668502.968080224
33 14795.753753095942 443195.31160822255
34 315556.52315374505 230200.06113811242
35 610335.1622955173 365593.8819157526
36 251317.6406995251 786868.5077196341
37 988651.858186798 449841.99643945
38 438881.0206942796 147296.39834476137
39 357237.40092937474 642276.9213472857
40 294704.52049378224 550975.771276591
41 529313.5515978636 871200.691401206
42 33157.27100892707 704595.4806291097
43 602097.0603034745 553266.9692101458
44 46956.57259543018 460864.3569429818
45 891410.3980325051 724885.2209036386
46 217607.95933242206 633465.8894221773
47 33035.82852214726 207134.91215925806
48 617647.4869069036 24847.598750477373
49 520063.23953828815 533735.3567209014
50 275268.38910501485 925631.897541928
51 799727.6577294639 417844.3559254945
52 599322.5557627579 30131.812854628624
53 127718.79498598349 257067.32558279866
54 419074.1321578174 479574.2443207286
55 907162.2773224037 510651.9719366501
56 884086.1263197631 991467.2420781953
57 159621.45433151064 141437.98656937113
58 425490.3887115198 779536.7384189118
59 875221.9358746945 776897.9621801428
60 275457.324002086 940703.220900076
61 639162.4068664169 226309.30145346874
62 513835.9807205608 397717.67398546054
63 911287.7603210347 902928.9171472336
64 941497.7454887816 400189.53976419003
65 475513.7249788491 377405.45182258356
66 65132.63317870666 17808.559515886336
67 609137.0011341695 815739.898092305
68 761722.4994983267 573405.1621508593
69 527992.7569826224 155731.0713028367
70 844064.9476603323 962993.462029691
71 328865.7257435523 386310.40516970796
72 872833.9011204386 122777.38835855966
73 267134.6885476008 525161.0704786659
74 848379.1307849 324858.44216474093
75 752814.1058021213 612002.3527670394
76 937359.7872916679 872936.3443317533
77 571922.2411313658 307364.6996814228
78 108885.8799899034 666607.2587537841
79 467890.34997686575 69939.13257109585
14 57 
14 66 
57 66 
57 11 
14 11 
63 76 
63 56 
76 56 
66 47 
66 7 
47 7 
57 47 
37 9 
37 17 
9 17 
71 8 
71 24 
8 24 
26 55 
26 68 
55 68 
55 37 
55 21 
37 21 
55 51 
55 4 
51 4 
51 26 
70 63 
70 56 
55 6 
6 68 
64 9 
64 37 
64 55 
64 4 
9 13 
13 17 
47 53 
53 7 
53 57 
8 53 
8 57 
62 12 
62 65 
12 65 
12 71 
71 65 
12 54 
54 71 
12 30 
62 30 
51 74 
74 4 
74 13 
74 9 
74 64 
34 38 
34 65 
38 65 
34 71 
34 24 
38 11 
34 11 
34 57 
8 34 
52 79 
52 11 
79 11 
79 38 
77 62 
77 65 
38 77 
46 73 
46 40 
73 40 
28 46 
28 0 
46 0 
46 78 
28 78 
42 33 
42 23 
33 23 
42 28 
42 10 
28 10 
33 7 
42 7 
59 76 
59 63 
70 59 
76 21 
59 21 
59 67 
70 67 
6 59 
6 67 
45 55 
45 21 
45 6 
59 45 
58 16 
58 0 
16 0 
39 58 
39 0 
39 46 
39 40 
54 39 
54 40 
39 1 
1 58 
26 43 
26 30 
43 30 
43 68 
15 6 
15 67 
1 15 
15 58 
71 29 
29 8 
29 53 
73 29 
73 71 
46 29 
54 18 
18 71 
18 73 
18 40 
69 77 
69 38 
69 79 
69 52 
74 25 
25 13 
35 74 
35 51 
35 26 
35 30 
62 35 
77 35 
78 32 
78 23 
32 23 
32 42 
28 32 
42 5 
42 31 
5 31 
5 10 
16 5 
16 10 
70 3 
3 67 
3 56 
19 3 
19 56 
16 36 
36 0 
36 10 
36 28 
5 50 
50 31 
50 16 
22 16 
22 58 
22 50 
43 49 
49 30 
49 12 
49 54 
49 1 
43 1 
49 39 
6 75 
75 68 
15 75 
75 1 
75 43 
33 44 
44 23 
53 27 
27 7 
29 27 
27 33 
27 44 
27 23 
27 46 
27 78 
69 61 
61 77 
61 35 
61 52 
61 25 
61 74 
13 20 
20 17 
25 20 
20 72 
72 17 
25 72 
3 41 
41 67 
41 15 
41 58 
60 19 
60 31 
19 31 
50 60 
60 22 
22 19 
48 61 
48 52 
48 25 
48 72 
48 11 
2 41 
2 3 
2 19 
22 2 
2 58 
