60 166
0 891947.9753592868 939082.76376188
1 973919.381937591 6496.2106384673925
2 743664.2085493676 918516.2503250788
3 63220.36982160317 114424.1434882579
4 141222.84502378636 348523.8904985295
5 315712.3174438894 826423.2502191172
6 194504.36855100706 267323.31698682497
7 587312.8198867621 726754.6415002743
8 343795.93734009337 624288.7162609053
9 471267.5293696339 158127.05908733516
10 517716.7305563525 439948.3621880843
11 635146.7708539513 296330.12943560624
12 401962.5765701933 8353.228134812429
13 243448.2865200267 527488.730917364
14 388638.2244009503 301518.7508945041
15 793066.610980521 829310.1455199153
16 18537.479746899677 462434.6370049663
17 610503.32803472 308533.92106242373
18 71952.46092970097 628753.7113538854
19 564118.4151976759 777553.8633722808
20 87963.0476783253 330396.7824488957
21 692151.571497052 330014.5638369044
22 513680.68801247777 865501.2455709466
23 135897.7801994673 160335.40153491165
24 249807.68287671616 843458.2686100829
25 279752.22960518696 290588.853123235
26 813101.1495214226 470700.3313844771
27 76424.25988014712 423101.88806932955
28 803519.1809230591 865074.2218365557
29 114144.20558716342 332732.19884902105
30 844768.8790237145 734363.5685757946
31 833614.0377936309 836292.6824747211
32 865559.1032451262 17848.32644129153
33 246216.66168037025 710812.6955241328
34 111507.05391565508 688288.8831078486
35 870214.3147329899 340146.7368529214
36 95520.64103756197 102987.54555062827
37 388747.3494053405 856261.46655158
38 193364.84137150788 165768.93070425792
39 336110.31625842955 724105.2960164703
40 858781.8552916667 785051.0531360079
41 492123.5814946211 313591.00493431505
42 344298.870486326 603416.5801330776
43 691884.3289229802 729526.3281005046
44 159006.58589121085 446834.39777862764
45 575158.8113297219 418165.7153282017
46 439316.4043946045 251055.81838103576
47 141321.4349792219 875659.3994260617
48 844468.9886191535 9194.454685398701
49 53439.75882960916 387663.19006779214
50 652286.2515254524 326332.76978314185
51 833224.8912984901 66316.95609046829
52 591742.9104617893 985343.6687013461
53 307964.57600773976 409973.56499082816
54 942317.3174031818 528639.9662666195
55 3170.0654302776466 681263.564358255
56 972942.0598731375 146808.99820803816
57 961828.0359175268 254994.05294699784
58 656058.6603793921 430628.73426758207
59 374735.69065550074 578480.6563017463
47 37 
47 52 
37 52 
59 53 
59 10 
53 10 
34 47 
34 55 
47 55 
51 57 
51 35 
57 35 
26 54 
26 30 
54 30 
54 40 
40 30 
57 54 
54 35 
26 35 
40 0 
54 0 
49 16 
49 3 
16 3 
24 37 
24 47 
37 22 
22 52 
48 12 
48 1 
12 1 
48 51 
51 12 
51 56 
56 57 
56 54 
4 25 
4 53 
25 53 
28 31 
28 0 
31 0 
31 40 
27 16 
27 49 
37 5 
37 39 
5 39 
24 5 
33 8 
33 39 
8 39 
5 33 
33 24 
34 33 
33 47 
2 0 
2 52 
0 52 
2 28 
43 26 
43 30 
43 58 
58 26 
32 48 
32 1 
32 51 
56 32 
56 1 
38 36 
38 12 
36 12 
6 38 
6 25 
38 25 
4 6 
20 49 
20 3 
21 51 
21 35 
21 11 
11 51 
26 21 
58 21 
51 9 
9 12 
11 9 
9 38 
9 25 
45 58 
45 10 
58 10 
13 33 
13 34 
13 8 
59 13 
13 53 
15 43 
15 30 
40 15 
31 15 
15 28 
2 15 
43 2 
19 43 
19 2 
22 19 
19 52 
19 37 
19 39 
23 20 
23 3 
6 23 
23 38 
36 23 
36 3 
29 6 
29 4 
20 29 
29 49 
29 23 
29 27 
27 4 
50 21 
50 58 
50 11 
45 50 
53 14 
14 10 
25 14 
18 13 
18 34 
18 55 
16 18 
16 55 
8 42 
8 59 
42 59 
42 13 
19 7 
7 43 
58 7 
7 10 
7 59 
7 8 
7 39 
50 17 
17 11 
17 45 
17 9 
9 46 
46 25 
46 14 
18 44 
44 13 
44 27 
44 4 
44 16 
44 53 
41 45 
41 10 
41 17 
14 41 
46 41 
41 9 
