55 151
0 547720.657973726 958396.0895441099
1 769016.2837018676 378284.0030431608
2 795892.4336523106 301831.1193265828
3 464087.5154447588 802652.6977162792
4 679918.4567017886 949084.257869343
5 660385.5337032196 199187.02881425677
6 453496.62279798643 344264.8437455701
7 217639.26811585622 344550.4965255727
8 220620.89355612767 854216.2591916107
9 731257.2185516004 259929.72886221044
10 765395.649373455 731363.6470135545
11 210496.07464665608 734133.3689331552
12 849999.0319078816 902232.3826059103
13 850941.1617405392 407446.2338583885
14 281842.3089143152 861621.078598564
15 763758.0103507949 165872.24947394553
16 390659.0517620878 802392.3449670855
17 437552.9386653584 670564.160283699
18 240493.4779026221 854066.0682449752
19 682694.6804954491 145372.16287382526
20 523706.7067099187 365992.03901297506
21 167104.3078408725 130282.45212681255
22 188047.00669495945 342904.197562739
23 151222.3128482708 294965.9710796073
24 51892.04892503862 698010.6230855898
25 992109.5890528208 763060.4540839726
26 292603.82100347494 603463.8062833963
27 297321.34803983377 139605.57653769356
28 2878.7547915939404 966733.6675123575
29 441692.6488498293 980582.7090436016
30 156746.66877436737 8536.98876350506
31 319518.90180544293 16485.17399754401
32 465692.514195544 512562.03470925696
33 730816.30914683 241125.0924273217
34 758974.037585006 286541.9038463866
35 530251.1781509835 686567.0380757898
36 521560.63642736885 604409.4610767798
37 831504.0892611365 347131.1361779029
38 305993.5189384252 369390.0879204519
39 652743.7293233281 124243.13724183777
40 661973.9746641668 580075.4093619196
41 85049.12216425453 396072.6928580558
42 30565.430367224366 754436.2464172316
43 425298.127680445 903506.9727072226
44 937319.5982059732 988288.0506168095
45 455274.45407354395 552995.848940227
46 615666.6407299762 770145.1857423757
47 488288.7979203523 472334.19878832926
48 604700.1278913056 453613.46776489617
49 251907.6134092849 825953.7670776399
50 729989.2409973878 202278.5979373497
51 895199.8659417636 355105.0819650592
52 617163.8883397983 387483.4035716284
53 190959.1915663448 107755.85167547008
54 151012.06185506776 894506.9458852015
7 26 
7 41 
26 41 
44 12 
44 25 
12 25 
12 10 
10 25 
17 26 
17 45 
26 45 
22 7 
22 41 
23 22 
23 41 
23 7 
31 53 
31 30 
53 30 
38 26 
38 7 
11 8 
11 54 
8 54 
42 54 
42 28 
54 28 
42 11 
4 0 
4 46 
0 46 
10 4 
10 46 
4 12 
4 44 
3 35 
3 46 
35 46 
0 3 
3 17 
17 35 
49 8 
49 11 
53 21 
21 30 
21 41 
41 30 
21 23 
35 40 
40 46 
40 10 
26 32 
32 45 
38 32 
27 53 
27 31 
38 27 
38 6 
27 6 
27 7 
39 27 
39 31 
39 6 
27 21 
23 27 
39 5 
5 6 
54 18 
54 14 
18 14 
8 18 
18 49 
49 14 
24 42 
24 41 
42 41 
24 11 
26 24 
11 26 
43 3 
43 0 
3 16 
16 17 
16 49 
16 11 
16 14 
16 26 
16 43 
43 14 
36 40 
36 35 
36 17 
36 45 
32 36 
40 48 
36 48 
10 13 
13 25 
40 13 
47 38 
47 6 
47 32 
36 47 
47 48 
19 39 
19 15 
39 15 
19 5 
29 43 
29 0 
54 29 
29 28 
29 4 
29 44 
29 14 
13 51 
51 25 
1 40 
1 48 
1 13 
52 1 
52 48 
5 20 
20 6 
52 20 
52 5 
20 47 
20 48 
9 52 
9 5 
34 1 
34 52 
9 34 
50 19 
50 15 
50 5 
37 51 
37 13 
1 37 
33 9 
33 5 
50 33 
33 34 
34 15 
33 15 
34 2 
2 1 
2 37 
2 15 
51 2 
51 15 
