75 212
0 438414.56808175414 495299.27618354466
1 404664.22427893203 320430.60629621433
2 876053.8168136948 933137.2031385654
3 809504.2221147219 575042.1451619505
4 46921.66089356509 227059.32574232703
5 407183.6682285823 803009.5269136253
6 172392.72055745625 613449.735582026
7 244257.90887662524 396447.4744921752
8 396152.8332861102 451391.1831969347
9 472690.6121727197 112240.17826577404
10 954915.5163325862 436615.5582303175
11 787141.940198612 82766.77567938894
12 969366.0136821128 41066.04349296339
13 352422.42417694925 523440.85686756746
14 343438.8574155491 90583.42633822269
15 292648.0033204619 983148.0525244825
16 718004.2839378304 520240.5134606436
17 280343.8459096501 425480.5623109105
18 867932.3198111337 20683.744176967277
19 240737.61541144556 241607.46021724344
20 659562.5048030899 167387.87111765318
21 379054.17888037686 973346.3456908307
22 191868.98339407187 559865.1112554139
23 458821.19661742484 997011.9811769251
24 271517.87355618604 704011.2394321539
25 177579.0684751376 318497.0978826557
26 618635.4043170802 608964.03806433
27 13854.25168098664 463606.5052128806
28 967522.5967993297 671184.2524515041
29 611565.7775309227 927788.9590226944
30 220476.5837040219 144026.99441236665
31 228167.34350158586 815625.5929958764
32 953289.5158927154 260248.6080541976
33 431992.9287993083 652260.6082942156
34 433783.6982396917 10954.315836654738
35 88738.78070279906 494752.52857905196
36 977181.1278945686 961571.0051407027
37 283899.5012571749 629768.0608131445
38 171850.7835328601 276923.650165966
39 779275.0300678666 497324.5702429668
40 500594.6428922946 235336.6176001137
41 835227.6647486356 473276.08345932723
42 400665.99506456044 240230.31751378253
43 60357.69906881372 38712.71123245057
44 526971.1245863766 83288.63908045026
45 246038.8946672062 439797.8736498362
46 191103.29224862132 652093.7260061031
47 845289.2036383238 622996.5148840984
48 812910.2634386997 395976.508025791
49 47037.9193998468 734841.4372674287
50 925498.358910805 429550.51761794917
51 905993.0374563839 670926.5020976196
52 115394.78939008841 967420.1713874099
53 801596.9455143902 761574.9863203674
54 458563.12073406245 115232.83978398635
55 638743.6439894949 638830.1725156063
56 126723.91221922441 650292.7278305806
57 331781.8154107042 641406.2551573223
58 66000.67406135591 600167.0228830886
59 469715.98558425606 602670.5011177817
60 467495.14723371464 841008.470161763
61 339379.11567849823 396233.9955927936
62 616633.3269096552 412679.0947765623
63 383108.820503118 719371.393785192
64 254779.50407533435 445652.23557784373
65 676808.2763781855 129239.0575708351
66 366500.5467138649 905113.5819558767
67 659945.7774815297 255138.3720785182
68 174428.98729844147 713670.536202611
69 575332.2700517325 24421.867146751207
70 518215.2190516242 796804.8941674675
71 407796.7296493127 201562.24375649268
72 451610.1083130818 655750.1995435719
73 270966.38091263827 296446.9360647044
74 238388.92774186836 218207.46627056986
28 12 
28 36 
12 36 
18 69 
18 34 
69 34 
11 18 
11 12 
18 12 
69 11 
69 65 
11 65 
0 62 
0 26 
62 26 
70 53 
70 29 
53 29 
44 69 
44 65 
44 34 
25 35 
25 27 
35 27 
30 4 
30 43 
4 43 
43 27 
4 27 
4 25 
54 14 
54 34 
14 34 
14 43 
43 34 
14 30 
38 73 
38 25 
73 25 
38 4 
38 30 
73 7 
7 25 
35 7 
35 45 
7 45 
7 61 
73 61 
62 16 
16 26 
39 16 
39 62 
28 10 
10 12 
48 39 
48 62 
73 1 
1 61 
1 40 
1 62 
40 62 
60 29 
60 23 
29 23 
60 70 
47 10 
47 28 
55 53 
55 70 
55 47 
47 53 
16 55 
55 26 
53 2 
2 29 
23 2 
23 36 
2 36 
2 28 
9 40 
9 54 
40 54 
9 44 
44 40 
9 34 
58 49 
58 27 
49 27 
35 58 
14 74 
74 30 
74 38 
22 58 
22 35 
22 45 
64 22 
64 45 
7 17 
17 45 
17 64 
17 61 
67 48 
67 62 
40 67 
10 32 
32 12 
32 11 
32 67 
67 11 
32 48 
0 8 
8 62 
8 1 
8 61 
8 17 
15 21 
15 23 
21 23 
72 55 
72 70 
72 26 
51 47 
51 28 
51 53 
2 51 
47 41 
41 10 
48 41 
41 39 
31 15 
31 52 
15 52 
49 31 
49 52 
68 31 
68 49 
38 19 
19 73 
74 19 
71 74 
71 14 
71 54 
40 71 
22 6 
6 58 
13 8 
13 0 
13 22 
13 64 
17 13 
20 67 
20 40 
20 44 
20 65 
11 20 
59 72 
59 33 
72 33 
59 13 
59 0 
13 33 
59 26 
41 3 
3 39 
3 47 
3 16 
3 55 
41 50 
50 10 
50 48 
50 32 
66 21 
66 15 
31 66 
66 60 
66 23 
72 63 
63 33 
63 70 
42 19 
42 74 
71 42 
42 73 
42 1 
42 40 
6 56 
56 58 
56 49 
56 68 
68 46 
56 46 
6 46 
5 66 
5 31 
5 60 
5 70 
5 63 
57 13 
57 33 
63 57 
13 37 
37 22 
57 37 
6 37 
37 46 
24 57 
24 63 
24 37 
24 5 
24 31 
24 68 
24 46 
