90 261
87 6 
87 20 
6 20 
81 82 
81 40 
82 40 
81 67 
67 82 
67 58 
58 82 
58 30 
67 30 
58 83 
83 82 
87 51 
51 6 
16 58 
16 30 
72 58 
72 28 
58 28 
72 83 
32 87 
32 20 
32 49 
49 87 
49 38 
32 38 
39 78 
39 20 
78 20 
0 57 
0 59 
57 59 
51 76 
51 9 
76 9 
46 68 
46 35 
68 35 
68 52 
52 35 
42 40 
42 20 
40 20 
6 42 
31 60 
31 80 
60 80 
81 10 
10 67 
66 16 
66 69 
16 69 
66 58 
86 56 
86 28 
56 28 
86 37 
37 56 
86 66 
66 37 
58 86 
21 49 
21 38 
88 21 
88 78 
21 78 
78 33 
33 20 
33 32 
33 38 
33 21 
73 0 
73 59 
57 85 
57 2 
85 2 
0 85 
3 51 
3 87 
3 76 
76 59 
3 59 
72 12 
12 83 
12 82 
12 46 
46 82 
52 64 
64 35 
64 46 
22 64 
22 65 
64 65 
64 50 
22 50 
64 82 
14 4 
14 1 
4 1 
4 52 
4 43 
52 43 
53 52 
53 68 
53 43 
37 53 
53 56 
37 43 
76 27 
27 9 
27 59 
57 27 
54 27 
54 57 
26 57 
26 2 
26 54 
7 48 
7 80 
48 80 
7 25 
7 9 
25 9 
27 7 
89 10 
89 63 
10 63 
42 89 
42 63 
25 89 
25 42 
29 42 
29 6 
29 25 
29 9 
51 29 
74 31 
74 80 
16 74 
74 69 
67 5 
5 30 
10 17 
17 63 
42 17 
17 40 
17 81 
79 66 
79 69 
79 37 
43 79 
43 2 
79 2 
79 26 
26 80 
79 80 
79 74 
19 14 
19 1 
62 88 
62 78 
62 39 
21 55 
55 49 
55 73 
55 59 
73 21 
73 18 
18 0 
49 71 
71 87 
71 3 
71 59 
71 55 
84 68 
84 46 
12 84 
53 84 
84 56 
50 23 
50 39 
23 39 
23 22 
22 39 
77 22 
77 65 
14 77 
14 65 
4 34 
34 52 
64 34 
34 65 
34 14 
4 13 
13 1 
13 85 
13 0 
13 43 
13 18 
18 1 
13 2 
26 45 
45 54 
45 27 
48 45 
45 80 
7 45 
89 41 
41 10 
41 67 
41 5 
5 60 
41 60 
7 75 
75 25 
75 89 
75 80 
60 75 
41 75 
31 24 
24 60 
24 5 
24 30 
74 24 
24 16 
62 8 
62 19 
8 19 
61 70 
61 39 
70 39 
70 62 
70 8 
62 47 
47 88 
47 19 
47 1 
18 47 
15 12 
15 72 
15 84 
15 56 
15 28 
36 77 
36 14 
36 61 
36 39 
22 36 
19 11 
11 14 
8 11 
70 11 
11 61 
36 11 
47 44 
44 88 
44 21 
44 73 
44 18 
