1000 2981
114 544 371375.7682146549
114 0 532871.2722528382
544 0 864657.8861437641
661 830 649489.2634007143
661 824 452790.2664729828
830 824 355050.94354619016
395 114 466572.5271577762
395 0 444398.10486097145
485 395 516616.93156951363
485 0 44381.847047432086
395 521 680384.8791142493
485 521 938667.0997247681
209 663 294377.6357133032
209 824 506194.9363314596
663 824 827301.1133386721
360 169 55301.325381464485
360 821 634802.8558518143
169 821 402878.1661881333
454 830 883212.0895806603
454 661 314549.8113520756
646 661 970957.6165473787
646 824 563423.9154394853
646 967 291884.5524259237
967 661 804080.0541942009
610 628 332997.5144902636
610 400 755682.2920225831
628 400 331936.1213333728
628 909 589250.6191158842
610 909 255122.37281414052
775 395 995300.0148623893
775 521 442270.275832091
775 114 729962.1713400508
848 148 141355.2040768431
848 44 186546.9689454624
148 44 108160.41921276953
209 179 231117.75844334415
209 506 377913.31021290895
179 506 818288.3484485977
179 407 458870.6457475489
209 407 430740.66372499
275 360 614622.3945037978
275 202 894124.5034579461
360 202 220528.38828654942
275 169 985311.3175065969
454 919 362186.1743387861
919 830 830154.9044361862
919 898 347541.05003503
919 381 83604.22497228159
898 381 687860.3205375156
830 381 918967.9711832809
850 70 361537.8986346811
850 824 90957.98577136638
70 824 596442.2185559113
70 646 496340.571497159
646 834 753627.4879505318
834 967 321699.5371388306
903 699 290111.22893173026
903 717 462896.32838360395
699 717 927835.1456517364
663 807 829047.8711856372
807 824 415553.00215007353
628 676 646616.3466738311
676 400 972631.4117437045
676 327 253527.84858053835
628 327 746129.3463672191
145 628 410294.7286779333
145 909 12821.023358890903
999 145 603457.5535098036
999 584 257547.28561090823
145 584 152395.71098563197
999 628 369236.97750179085
720 167 34285.2351881926
720 105 367133.57007815264
167 105 203622.95790468753
167 61 793422.5714497133
720 61 61694.4660144515
147 213 328662.94745582616
147 613 745265.4616996495
213 613 447842.48520399525
848 147 325087.7268025548
848 613 129529.28796504726
736 630 711312.1943925169
736 557 553662.6466104583
630 557 431323.8813144361
41 720 527889.7467620696
41 105 347406.8171512633
951 41 249820.40401246818
951 105 97289.60803059406
696 321 351705.36245290295
696 159 24309.848260346876
321 159 616646.4469787618
115 280 803423.3430054825
115 671 571474.7103475757
280 671 332882.8494105822
387 179 281453.9992643343
387 407 479748.9218063937
387 651 859585.4307113544
387 2 866831.1566411675
651 2 844171.4385774878
465 387 905166.7118370214
465 2 892018.6202451211
387 506 341047.75714915793
465 506 152590.3711073193
275 474 168516.27833863458
474 169 618248.66486732
558 338 524894.7472997537
558 616 979089.8043507965
338 616 653563.4504828649
444 68 907243.7581260215
444 616 496727.2616024471
68 616 273498.4889825257
338 444 500546.7473560964
68 202 222725.78858542725
444 202 231918.3816217213
444 663 255999.5475075594
338 663 849110.4315625321
444 209 180876.22375937307
444 506 737450.0975176229
70 322 128106.36207677251
322 646 429235.2755470541
834 322 379147.2803270961
834 948 821492.370123574
322 948 507915.86573712266
322 850 820628.9740656426
155 878 78259.34007376878
155 730 158844.10653811353
878 730 391793.3068383034
373 472 758730.9945731383
373 124 26945.30106893922
472 124 684633.4295305148
252 472 410438.566621153
252 740 881628.3272495025
472 740 752377.3888756386
252 124 305242.44147487456
750 999 691776.0304928109
750 584 250241.2159926658
628 199 640742.428241567
199 327 525170.4187217179
731 199 18233.960186130436
731 628 338968.79729632125
199 203 473035.1159291335
731 203 873029.3852283026
811 61 886207.3653792965
811 424 601409.9528303011
61 424 619206.2352353304
614 848 630753.4631570625
614 44 571418.5779966979
614 147 907501.4920240374
615 606 449441.5891914424
615 0 201120.40900754536
606 0 127631.8726955733
606 613 706995.6393183338
615 613 490450.82822747075
213 300 437473.27183908893
300 613 140511.77476007814
133 213 976996.7406562169
133 902 728320.067524887
213 902 300079.29002129554
173 635 724291.0225143251
173 902 709933.2939209081
635 902 158218.5201852242
301 903 91812.18673378788
301 717 313309.47286727093
167 634 660400.257372996
634 105 437087.9991329269
796 951 282568.0784101293
796 105 71333.60265824862
634 796 275767.1284609786
796 388 211542.70568749224
634 388 126752.54514304723
669 736 556438.6161475842
669 557 347368.26612327166
61 22 147032.88918257086
22 424 192655.9321589455
720 22 997954.4954780295
615 497 223531.42886546795
497 613 985274.5018024752
497 848 36311.327600405566
497 148 859535.6391782038
497 317 547504.1605954048
317 148 576504.6218071833
764 588 161723.26674527192
764 776 46405.99973459048
588 776 85860.66606383969
317 890 573309.1555254471
317 664 907420.4435722281
890 664 200241.56866434528
890 306 389155.97045857663
306 664 519332.4136021823
306 618 914427.0330689856
890 618 413914.87053665944
618 615 529176.5757052982
890 615 486331.9647252411
890 497 186188.2593658246
866 857 799767.7590221527
866 342 230092.5690444996
857 342 779208.5862196133
80 90 775233.7339119461
80 205 932873.5950821105
90 205 975467.6971495493
857 80 759030.5606398
80 342 942566.0193543897
857 90 591306.7598761168
80 866 130629.60180962113
243 618 24601.589286090686
243 615 642536.4242582727
90 243 902659.8386904245
243 205 897442.2614963269
651 719 744945.7711788089
719 2 486743.0596610043
465 65 849405.4445888029
65 506 704936.4653375943
474 65 903782.6631349911
474 465 592145.6448426023
65 275 359637.36258338694
65 444 286386.4027971784
65 202 584525.4057038432
68 662 218407.5327926237
662 616 140243.66686669708
383 662 849393.8719766099
383 68 791654.6511829278
945 662 121608.64312129715
945 383 407538.52620804077
12 976 433931.9508792151
12 699 376951.14573057584
976 699 973797.5531847695
29 820 476108.52160611947
29 798 994672.148899316
820 798 820091.2553815375
64 305 466426.7221120449
64 72 174173.76926692986
305 72 975097.2322394922
826 570 832379.3874237146
826 192 412078.5425223326
570 192 676332.7468076411
250 404 38191.68663573913
250 938 105340.92574894604
404 938 156135.91465889677
274 250 304576.07393188943
274 690 447527.5035056333
250 690 670592.7548728695
710 527 243507.80054841493
710 837 216821.4633038965
527 837 791489.5847158082
527 272 595577.3985394444
272 837 385388.8643208568
967 783 29615.511899129364
783 661 3327.3115830629863
783 522 528405.060107555
522 661 431177.97003518435
319 519 692401.0014657407
319 636 657254.6045596282
519 636 7471.855725996846
417 319 923422.5958023568
417 636 22845.967841985894
522 687 113120.87962864003
687 661 726361.3021938846
919 104 355453.6609890593
104 898 740472.6500696257
104 289 278782.89562836755
289 898 258657.53094657784
322 478 878089.355155562
478 948 289280.5364890776
478 850 664383.1107294693
118 472 50398.58493767735
118 373 338307.2283792691
478 118 137013.92390601107
478 373 283225.0157034315
705 118 971821.7039785376
705 922 527912.866947006
118 922 780208.4218979026
118 850 487732.9434148895
118 824 616871.2350879281
807 118 653273.2285980487
478 695 535179.7277009792
695 948 531464.9041210264
695 373 933359.5135588663
695 130 236435.16812621456
130 948 200144.81638345472
130 196 861352.7443821215
695 196 768213.0334442472
130 783 564731.2294478926
130 967 182315.63062342294
130 834 932477.1664488029
219 862 122913.8806768808
219 663 277546.7687745182
862 663 64116.2556086956
118 464 928833.0695956531
464 922 217833.60347861325
464 807 903196.0034505967
558 987 379022.7221742678
987 338 556732.4195801483
987 663 154128.7911594601
987 219 412812.33495651424
945 987 426505.1676894156
945 558 849221.3368125904
513 595 601281.8895056851
513 938 463411.87931843754
595 938 770047.5461366953
610 217 782005.7394967122
217 909 457908.2422098244
217 559 461057.12162188796
559 909 120734.27200917208
406 145 747664.7128210196
406 909 554532.9874321934
629 466 261864.4451141885
629 50 931615.1896151757
466 50 697789.2633879759
559 466 65539.88248807896
466 909 109403.04838022075
676 376 868889.269684781
376 400 594652.7790579384
336 479 425136.2515359136
336 178 79751.50712828604
479 178 670018.1338544971
479 588 652743.4858733118
336 588 262668.25028285035
741 768 501384.20231399697
741 469 239779.40613229142
768 469 56911.62235689418
731 260 131764.99360167238
260 203 312861.44548217556
186 936 162170.58286154608
186 469 575457.4650478536
936 469 896026.7261487575
936 741 205509.3991305229
750 170 983057.6657823878
170 999 461950.4667823726
170 115 992781.0432048377
170 671 920644.7113639828
750 115 548562.573625498
468 39 517449.26853814744
468 787 570096.0174724897
39 787 74342.24991136507
85 134 602115.928383013
85 730 190691.77177377418
134 730 351769.7147886251
976 489 647653.796984207
489 699 865931.1305592395
391 332 629181.3241904611
391 399 222958.55837157718
332 399 847486.7054370327
114 451 174175.7490904844
451 544 56448.76012456912
180 451 107923.86601854209
180 114 315703.1551623074
451 845 858019.921813782
845 544 323251.7529474953
195 604 468272.17989399296
195 552 260684.1912520137
604 552 413795.82185437134
845 195 550645.4518433814
195 544 521081.19562381285
291 180 241006.45211509874
291 114 270478.34287000704
775 291 199195.12788013494
480 291 818551.2035200822
480 775 741229.732835159
329 775 728577.199691798
329 521 827073.456406023
329 480 603048.9592324812
634 511 969156.8196645153
511 388 513446.9248825151
218 888 873452.689002608
218 459 389606.9413910609
888 459 103597.1263548735
635 879 780653.1677752186
879 902 719143.1971762712
879 133 575817.8927479462
339 300 274098.96422499925
339 213 124636.45169702609
133 339 838379.9657800267
256 173 561075.9872621947
256 902 678560.9341540013
652 603 92820.28085472526
652 630 269799.01325472456
603 630 958966.8045464238
561 858 347543.373075223
561 859 399837.57165295444
858 859 241263.05498908617
669 625 382586.59282473626
625 736 507327.76989334496
625 858 290326.8574249288
858 736 12122.974316581714
625 723 702640.5018034565
669 723 294824.4820745715
22 512 696283.9593738351
512 424 124271.48396876697
512 760 322734.31323266454
22 760 976596.6062688738
237 932 300765.9481157967
237 694 265794.0546828267
932 694 739098.5921750176
164 91 568525.8809371424
164 41 709032.743805272
91 41 300189.69831732125
91 720 319580.07432573277
91 22 156340.91189259136
91 760 350424.2755858221
164 760 396069.72889060254
696 427 659019.253443569
427 321 470287.3909094446
366 764 92523.7130730916
366 776 431561.0097669074
764 696 759139.66964422
366 696 921253.5859728117
306 366 383776.10848224483
366 664 57784.43031338498
366 427 476442.61446974345
427 306 44244.80781626916
502 80 909527.7329689373
502 205 221079.69609675172
243 66 551790.9142272569
66 618 323934.7347756135
467 668 905663.692212669
467 745 174546.59136449956
668 745 360924.08207156055
266 113 804161.4072567795
266 54 586274.063626938
113 54 191683.01289972413
344 266 931795.9837287584
344 57 935124.3935027438
266 57 311417.41848888673
719 53 6292.334936363386
53 2 931967.3845849675
53 465 342136.64033150114
53 474 975657.1288326714
753 945 794430.6810806551
753 383 57933.95484056463
662 393 43748.49070858477
393 616 285807.6152715375
393 945 727240.790917864
393 558 200548.00322960276
983 820 938640.7793689291
983 595 690683.3172374303
820 595 842518.593585996
270 983 567932.0060950981
270 595 100776.88113981542
29 88 994881.4918915355
29 72 515888.296884634
88 72 339206.2422974259
88 570 438824.54718077224
570 72 387821.79838957667
88 192 689542.6087990174
192 798 727805.6184663766
88 798 926371.5706508331
155 961 590742.9382586094
155 565 242098.33945852
961 565 108477.44283340755
961 838 487211.61679665936
838 565 552477.0881027367
838 605 996675.6184149017
961 605 378306.3390753708
838 612 568264.0946213306
612 565 344356.40519892605
315 99 615665.8245983451
315 740 798211.109478569
99 740 946022.4109966536
29 477 827984.4006701838
477 820 795989.7977930668
477 595 723167.833788219
477 72 234149.0289878725
305 477 671970.3877054886
477 938 71622.36320137972
673 64 628485.7125383544
673 72 574432.0177712905
570 673 745014.6605939624
673 551 960155.582127316
570 551 334707.93910640705
903 576 677892.0073873204
576 699 927052.0617510016
570 780 986665.1288646874
780 551 848027.8661148755
826 780 445557.74231493706
307 158 989670.7960224238
307 777 745097.2442494337
158 777 124749.09971503267
772 679 843409.4013874347
772 1 392106.38533240603
679 1 72610.80542765475
359 679 933012.3807491806
359 17 115378.06347033053
679 17 296907.53675982606
772 17 491899.1240394256
340 255 999725.6431594369
340 549 773361.1337913695
255 549 846809.7544826975
672 944 934761.2205447512
672 50 683616.7216442351
944 50 362079.5583506586
63 944 475239.8426965001
63 672 176285.6748889382
255 382 665931.2937437962
382 549 657413.7092359264
249 274 500583.559510682
249 995 773497.3737968246
274 995 542639.9039481418
351 916 878608.7621763713
351 995 583456.9544844208
916 995 430733.67264735553
274 52 103057.2862792879
52 995 26611.46819308191
52 351 167927.5154454921
113 617 209398.76176881755
113 748 621048.2550338362
617 748 285505.1008812113
617 668 76637.46391214244
668 748 512727.5389791643
617 745 96246.27764639704
266 617 301481.95001053123
852 467 805415.7349277984
852 777 450717.60684278083
467 777 57714.92437446246
852 668 94960.36935348551
739 272 106780.00338295124
739 79 554177.0449412918
272 79 442164.6361681789
656 739 37943.87038957403
656 126 548006.341065676
739 126 30740.757134823383
739 837 188954.06233336974
225 301 620516.4521270121
225 79 235574.3737217624
301 79 721455.262710797
463 230 225019.5762351378
463 941 250934.6677160984
230 941 49150.34937700591
463 225 482657.70682262885
225 230 590168.7064544478
301 463 39834.19229748031
463 903 743794.0303792304
941 927 835962.4457535163
941 97 49003.67208219092
927 97 512200.8385975193
230 927 464444.74787926715
258 254 683831.1523462287
258 97 417461.20731073397
254 97 69450.63776447524
927 258 51310.80866853144
258 527 285914.49192087725
927 527 574017.4451093373
258 710 557487.9949507564
643 522 488178.16892981605
643 519 972415.8090012561
522 519 961117.9131043518
643 687 567951.2147173379
319 643 626225.0053726479
721 687 153987.12775353907
721 566 218610.85988347672
687 566 49324.923580577495
721 454 64167.13489401371
721 661 711746.6718229674
620 945 890942.0324298048
620 878 918547.640618684
945 878 36577.90627883051
987 620 468836.3431542135
620 219 523366.6395303677
118 162 38314.29117211238
162 472 817526.6318299741
162 705 284184.49902507727
778 373 932212.1860372913
778 124 906653.7114321075
778 695 770350.5554273964
772 608 318755.53184610937
608 17 101365.42745273447
608 417 877373.2586448812
772 417 839815.9602107047
608 214 753547.0598128062
214 17 306633.8461721744
214 353 143923.63459258084
608 353 858519.4761925748
519 926 491809.38728582166
926 636 911278.923218884
547 807 116208.05117951549
547 663 431638.46312101296
862 547 259693.90922308379
404 639 345730.70188305975
639 938 906806.0108433244
639 513 323370.2034712106
513 404 608499.0344301377
813 304 756613.0390097441
813 791 289276.1739324558
304 791 310523.1409943157
813 252 525678.1149367852
813 740 619516.9295410516
526 217 357179.3687666743
526 610 984764.2133417304
217 63 134034.2382074029
526 63 52475.746794014674
217 15 485343.82545208465
15 559 453108.0124310559
15 63 50491.6845494664
648 406 700942.8990317084
648 909 270278.8462635639
466 648 383554.21015054826
466 128 572423.4145712644
128 50 409060.80001216405
128 559 574875.664356347
128 672 968464.4350888631
772 33 611219.0177075799
33 417 940958.6950580477
33 319 303815.85541743337
107 767 404108.87352717196
107 509 640980.3769957481
767 509 903583.6935305961
767 28 73811.66518232008
28 509 836327.6353898846
767 786 189619.65389384716
786 28 236080.27319278134
767 9 704409.8740672359
9 786 968736.2784482945
906 479 432811.9012087683
906 588 630937.4844099844
906 696 754808.5342744371
906 159 635783.451266862
857 906 756004.2104551821
857 159 575790.2469564419
764 906 609226.3552550388
906 866 315964.05230591504
479 866 391308.86005591316
590 9 244254.7181728336
590 469 287879.28643317206
9 469 713741.1795375434
768 590 324709.6533846113
590 786 651315.1491226506
768 786 806115.431568234
759 266 831845.1771402941
759 54 257187.2523580292
260 568 460238.8163848885
568 203 152613.97333925852
199 568 470784.8543485862
568 327 95311.33049039364
421 731 24068.43301940087
421 57 731818.89167999
731 57 702843.7546359061
421 260 240545.593168384
936 799 45293.53710225647
799 741 734841.7898720943
568 799 973499.7498754733
799 327 307515.84609276184
856 979 553310.7755088088
856 327 40439.392953942275
979 327 465267.47233087575
854 928 26918.55432131618
854 899 326859.583918234
928 899 681182.474415967
928 500 754711.4166717861
500 899 600214.1350371882
928 209 871177.8413386529
854 209 353907.12057739485
500 209 441811.38541860756
744 500 338511.7776996608
744 787 658063.1336707363
500 787 443054.0673937653
39 744 961261.4879651843
744 899 182857.31627015866
39 899 487509.0390536142
484 963 476119.8718361085
484 504 622978.9445605857
963 504 362272.3423277251
504 698 667302.5118426207
963 698 15670.831257127316
698 787 338146.14807440725
963 787 82621.45608156835
963 468 311473.97057114437
819 39 960876.0840965436
819 468 270731.5653321515
819 899 381278.2218373471
819 854 992747.581024085
997 961 391176.0534274613
997 155 321978.5414823517
997 730 169138.33025775148
605 997 429112.0886669541
605 75 734033.3293998695
997 75 568531.0383209537
893 997 836907.7870779162
893 730 456461.6292602543
251 997 602070.5651378671
251 893 796448.2250854983
489 977 291520.5627163999
977 699 773968.2586164677
718 698 854449.6442993808
718 61 562416.6972634408
698 61 359567.0236112963
718 550 39750.67412660849
550 698 9906.697588135226
846 718 910822.5003302855
846 61 398017.48050186544
332 185 690251.4973604872
185 399 740929.2121067485
925 185 85728.02207351582
925 332 153555.25582930408
387 418 124671.97297711018
418 651 36109.676686682746
169 501 297361.1041906614
501 821 850506.5213742228
474 501 520022.77459993964
496 751 761248.5428483527
496 6 693985.4334144606
751 6 661015.6082998938
806 291 666344.8825493001
806 930 467594.8086116528
291 930 251174.39449120383
806 180 567894.8974733164
682 291 918632.8513571967
682 480 589973.4864207647
485 135 879500.0610220227
135 521 8882.845243853742
135 329 423542.85711006355
752 511 281599.9158883501
752 634 522450.2152095135
511 552 572511.4179122119
752 552 512011.03637741465
752 195 837337.1101470059
606 311 559716.2358534216
606 822 902722.4735478074
311 822 622321.7085735014
311 613 15617.671548869283
408 311 394706.2096243379
408 613 220674.5627198303
888 624 630618.1819846702
888 635 662876.370534012
624 635 751367.5772371568
624 218 223462.92531030465
624 879 196407.75943366872
624 133 642305.8260006921
624 339 101062.04682457332
256 316 549516.866465348
316 173 303866.98171044147
921 206 156428.06672252662
921 603 465368.21443897346
206 603 200094.68975429013
652 921 783352.7557262237
921 3 756715.4909754787
652 3 993118.1048475585
108 240 942459.8467025558
108 630 673657.11112013
240 630 677400.6731619438
603 108 742615.5161047169
630 708 795370.1629178198
708 557 798744.3331751218
240 708 976565.5088312282
206 168 926934.5683361321
168 603 500583.2355781865
470 652 563016.2113373788
470 630 819268.3411752468
470 736 954845.2420678702
873 117 216166.2973387657
873 653 152275.79585681262
117 653 892716.6832332008
614 38 22696.650857843226
38 147 526008.2461385415
213 38 576842.2151955828
38 902 853141.8787652947
817 366 359797.51049677934
817 776 860082.8906368517
817 664 726920.7826464418
117 102 422168.27322006645
102 653 479956.0829272285
28 965 107340.73717229709
965 509 238873.99627666196
876 710 54140.92200763077
876 837 26269.08117908078
423 102 972406.8304148783
423 711 673176.385891541
102 711 226373.97766793333
929 206 845193.7932511915
929 993 814805.8666195866
206 993 11095.997128447776
324 929 58070.69429061873
324 993 875407.1845606737
324 523 269985.7251342855
324 401 239934.29425244572
523 401 32007.644305527494
523 423 987543.4218557195
423 401 778541.9796527222
523 993 826277.0990674798
102 523 378333.00255116855
523 653 785049.8790732411
929 160 654912.5868004066
929 126 327594.748282659
160 126 234999.86162353316
160 324 302542.641362371
931 49 257552.88286858957
931 299 923558.1788730652
49 299 565440.4272679032
981 794 40842.83133604982
981 931 12271.58234800696
794 931 697402.2324326881
981 453 478056.6190458022
981 508 338768.0061045689
453 508 519879.90765560366
794 508 879034.710241732
840 398 391391.19318984164
840 3 432034.14507994265
398 3 607030.6409640925
652 840 967921.7576823835
470 840 24634.03917484508
173 333 743141.811603101
333 635 623503.3637699786
333 888 960622.0797591566
333 459 159438.90057400434
333 621 571265.3055629217
621 459 21353.538742356905
265 218 493597.15159129625
265 459 690453.7636375228
932 829 179200.9520612715
829 694 463372.6365405246
860 829 497987.8371028994
860 285 524247.6708901501
829 285 843356.8546887902
829 818 977360.2863809961
818 285 763535.1437983188
985 669 826428.3568939997
985 557 53395.05696604907
985 723 947901.129414523
512 680 536175.6794634546
680 424 908263.7833756006
312 811 647085.9851288528
312 424 259606.32218415214
138 502 182815.90126068293
138 205 572975.2501871089
243 138 358031.7917653676
138 615 704252.4477172421
66 973 119670.62178353604
66 321 603365.8271448652
973 321 604106.8014513705
973 243 147702.09030494452
973 159 358836.94296531164
973 90 483757.4217238916
973 857 276917.9133911975
686 427 38571.70125919174
686 306 230042.5748785241
686 618 662821.1256660407
66 686 387657.36447611655
686 321 141808.36670071917
731 369 617269.2453604972
369 57 293075.3486753888
369 344 421007.3068939526
369 628 446913.45306224615
280 475 97586.5441382251
475 671 6119.3271572245185
874 753 281661.0867064182
874 383 724511.8529250763
753 85 328660.94544904254
874 85 15468.878703575383
874 68 395355.5562580251
874 202 185859.69780357726
360 874 589328.5435553069
85 360 950384.7630514641
945 281 493317.5635629057
281 878 719470.8269777935
753 281 670120.011185414
281 85 505968.677591608
281 730 170207.57924683703
911 605 828990.1287766931
911 75 436790.8988379643
911 726 555946.3336910394
726 605 283232.2507837854
410 270 574707.0680150519
410 595 488406.40626797447
726 684 163418.77407574767
684 605 846279.5041941112
838 684 258257.98004489063
838 896 984432.2147024014
684 896 754286.6947262649
270 770 742514.1668465431
270 678 764532.1703674609
770 678 773207.2957641722
770 726 442804.7966732438
726 678 179552.64332909838
410 770 169302.40367596704
770 34 326293.89015173336
410 34 209541.26862440826
813 949 67897.05341825714
949 304 251313.70771699445
684 949 473204.49290845724
949 896 11026.290068038346
737 242 290915.4660564788
737 755 948531.10291093
242 755 471652.54308502405
269 251 709531.7383442629
269 893 229639.48582017314
737 378 160316.17620549464
737 313 459215.96335495886
378 313 2521.488392344118
990 106 944226.919596629
990 798 799727.9106437728
106 798 181602.86605704224
820 990 584030.2082483853
983 990 779522.2278379353
99 198 625305.1180166908
99 896 578074.2296462568
198 896 120926.25887169894
198 838 986772.0342286385
198 612 88680.34260069879
55 315 764524.3290165003
55 612 848949.2237558067
315 612 403162.7637321843
55 99 870339.6854809191
198 55 841824.2970565078
788 826 916026.2925657395
788 192 397423.8600246256
788 576 587710.8455026967
576 826 460322.2404194777
788 699 268679.68606378546
788 12 594235.7924737405
788 798 23109.4267316464
106 788 673796.304342702
920 576 552711.2678713754
920 903 496873.12774143723
463 920 101333.02577589198
920 941 704413.0406390027
920 97 731918.7905928212
780 110 691635.7429074718
110 551 896975.9230106154
852 607 562309.6829856402
852 254 317460.6170898103
607 254 209092.1527872377
607 777 835296.946543067
654 814 342116.78662074485
654 908 491187.4562049461
814 908 195420.4282054378
150 475 882781.5542506067
150 280 734104.3105698848
406 738 749492.8323390486
738 145 360093.51675441937
738 584 828169.1034078994
734 359 748060.1774280452
734 17 736329.179835835
214 734 437137.3561356946
916 734 503217.6158657361
734 995 113087.59401681367
916 359 981426.4493892172
214 320 507837.2662662608
214 196 119029.43743949823
320 196 766260.6698675622
320 353 356425.9678002073
926 320 273165.32175785693
926 353 880160.2063480421
320 130 509231.86133845954
670 734 568010.2011907112
670 214 300888.40115960647
670 995 866878.2874689656
670 249 140951.57184768235
249 367 946129.9556165306
670 367 372964.9348646957
944 503 901460.7724275138
503 50 5236.312869222215
503 549 498805.10951170244
944 549 529092.9708955255
382 503 125338.51387407623
297 340 537260.290508713
297 912 104429.11593045334
340 912 884106.249595606
297 255 490365.77721620176
140 250 905056.6002159341
140 938 939070.0614388318
140 722 193575.7454715644
722 250 12555.95791241848
722 64 414001.9649506088
140 64 375986.52222984686
140 305 553849.082442541
477 140 679401.0359154547
239 722 534183.9624403836
239 64 362797.3863122643
239 673 830256.5732844354
239 551 366150.9624631362
915 239 750263.3923943861
915 551 608948.2907752926
841 239 64947.71342697825
841 915 977064.8606461292
250 647 409269.3584536736
647 690 243533.15635269092
722 647 237055.56034680564
249 864 336360.47744764143
864 274 202073.13169996956
304 864 752480.4050166003
864 791 623744.4392634173
916 82 899499.5102687761
916 912 31641.720303195896
82 912 876400.1758835244
82 351 822734.2670198951
910 916 167453.78668755628
910 912 414761.08689859003
340 910 622990.146704326
910 679 54165.80807863902
910 359 653956.4784751612
910 549 225936.42604795416
1 910 662689.9381883857
1 549 37573.07377775698
535 274 71457.91557723125
535 690 75201.74018004122
535 52 51120.04598093434
555 535 57265.746935894924
555 690 461313.18527493894
555 52 172594.5107061918
354 158 238424.06675480964
354 307 577477.9938467243
815 841 857823.3236093227
815 915 937541.6178665026
815 499 282145.03820125456
815 458 897423.9918234661
499 458 450143.0022952742
499 915 123106.11309382269
481 617 550163.1020109132
481 266 205607.92397428874
481 745 267801.86125023273
225 774 510588.78319371137
774 230 243241.39835013868
774 927 360243.9959907878
272 774 512941.76401021297
774 79 363995.09256937576
527 774 679496.0171322129
8 966 725091.6724463155
8 898 663793.0459650262
966 898 886619.5343390534
289 8 545855.9288450662
591 8 825646.4160691306
591 289 143638.27036999055
591 966 46719.6435833136
591 633 90443.31789150895
591 534 873889.7195557964
633 534 680284.577652987
633 289 810103.9689047672
633 566 991176.4890541758
289 566 615906.3366134844
832 643 906634.2298747302
832 319 375472.1819720188
534 832 839574.9582470194
534 319 578891.369989706
633 832 784760.7420545056
832 566 674173.6275299811
442 721 49769.05778446117
442 566 845165.310638258
289 442 183386.00666042458
442 104 90288.32941588161
442 454 962208.9516479418
442 919 588802.5406756626
315 56 912168.9241991091
56 612 234600.78309809175
620 74 1362.8988638442197
74 219 450460.0271934589
464 74 754575.1863376519
74 922 602859.1504322591
464 219 303219.4497167976
155 446 948183.170585994
446 878 352876.1538104381
446 620 587026.3271137269
446 565 77241.64617425266
612 446 118604.89160714493
620 612 686075.6267609813
689 778 568965.7104866091
689 124 276164.3857911501
689 695 18413.884242078126
689 214 271922.9493960744
689 196 813951.3429833659
689 670 835205.3367485099
934 608 944827.4776493046
934 417 108946.67489557364
934 636 6740.213095108527
94 862 754120.8289789023
94 219 780806.3320021072
94 547 445632.71877771814
813 991 712642.1980453517
991 252 302084.6702062653
991 791 292123.37217787973
864 991 790216.1992536205
991 249 10870.731167816339
991 367 117981.76446629548
984 526 30623.6190366751
984 610 172794.81314562118
582 984 388860.7524113562
582 966 333311.0798462973
984 966 698599.6358217925
984 898 682011.3623338771
610 898 778905.1288338288
526 917 993294.8340400457
917 63 793036.7270948644
283 917 801858.5544169405
283 278 496306.21171509137
917 278 215070.0957854792
917 4 430846.6734913147
4 278 721204.4425409165
4 526 870294.8161698633
431 63 327838.2182484275
431 672 992003.4306491205
431 15 641640.2071030537
128 431 167307.49047777726
431 559 771032.0513464214
132 772 253028.91965627106
132 1 883299.9228121113
132 549 780440.5454062516
944 132 663799.1083036946
897 466 134487.82300378382
897 629 97848.71643666005
897 648 867038.890385529
361 33 730046.4623645997
361 772 808790.3627951595
132 361 822889.8222206695
361 283 966522.2102808035
132 283 88316.21243034794
361 278 394450.7880702012
33 278 690466.4525153756
855 809 922592.0261420988
855 979 460577.8399153707
809 979 133458.38465760628
809 273 821626.5824697369
855 273 531641.9033012928
886 107 357511.32194458734
886 178 21080.55760401506
107 178 98145.16595231793
538 767 12328.714946560847
538 107 291399.3497620806
767 585 269014.07320047
538 585 300943.2488518252
886 538 39099.19186399402
538 702 60385.321547194115
886 702 60175.84833673972
767 779 213647.83025258905
779 9 736988.9544899787
779 585 922761.3491494516
779 469 914856.7348467793
266 609 920504.0614010914
609 57 255604.98646781838
759 609 876641.031906591
609 421 938553.6221486905
609 260 266177.4335805902
575 768 990765.2754915529
575 741 103686.64471648337
609 575 409.23628714029104
575 260 504179.14544219035
575 759 958609.9517821762
575 54 246023.12747550846
113 575 331842.4967869188
768 113 326875.0446474485
247 568 914976.8054364959
247 260 630409.9178561799
247 575 137749.07421163117
247 741 509366.39816442464
799 247 964385.7050054043
674 799 365611.91780481307
674 936 299596.8881516535
674 327 655132.8118594675
674 856 651034.0270405273
963 253 718728.5324060954
253 468 380869.94097110396
253 819 852453.9725899125
253 484 122909.30554285184
699 246 48142.78105840686
246 717 916488.3186096757
977 246 722844.8110602846
246 112 940997.7443892943
977 112 574896.0998856474
267 985 619939.513124544
267 557 636550.2740658018
985 59 764463.6224637306
267 59 977893.2534243045
718 578 61379.24947858397
578 550 590123.4107439739
846 578 907134.1234474577
379 968 424687.08307198464
379 286 334030.2810062008
968 286 56415.0848308308
754 174 689548.4468946815
754 972 740304.8259552955
174 972 493970.65287489526
345 165 995914.2193719972
345 698 400507.82642898196
165 698 914355.6507071937
540 165 619954.0245801148
540 790 761309.0449906593
165 790 466291.2527330997
978 540 441073.2124187373
978 790 964197.2893821048
540 504 803687.1727278938
540 698 134266.0518454587
539 85 644408.6383985882
539 360 725478.4091702693
539 134 696184.8306071819
677 189 371459.92250328953
677 6 658696.6798331463
189 6 249635.50083492868
405 197 622337.818599075
405 893 30549.76765980122
197 893 748534.5803336308
405 730 958936.3995314809
134 405 913985.5663692043
189 808 578123.8777560544
808 6 258601.68630614245
418 954 349244.400507544
954 651 860389.2208991807
954 719 723590.3051735541
601 845 292922.5323358979
601 451 78557.91477362794
601 180 423230.6416237791
806 601 948000.0397614856
601 195 941329.6679491645
601 930 493813.9097842668
604 601 211778.23375572514
604 930 770306.109710616
291 139 621114.1810252457
139 930 715179.1463209974
682 139 68119.77537849634
139 604 298185.61347141006
139 552 364842.0209346417
682 552 214374.9289805713
487 485 20229.94101076292
487 0 871234.9597789248
487 135 659451.0226511973
487 715 810267.0397345622
487 212 363972.08651117765
715 212 840690.6197737466
572 634 248550.26113439127
572 167 706114.5657270356
572 752 364758.9823830834
572 195 950445.3227475849
698 572 927821.5653786401
572 61 126564.75177747806
339 450 85703.6771846964
450 300 210684.39214131373
624 450 113196.92017038951
877 450 294176.9460478107
877 624 465389.3724803874
398 187 572175.2024838808
187 3 692400.4132197861
206 303 766053.2627188226
303 993 298523.27504991385
921 303 274115.2862550424
181 316 706405.4159657919
181 256 595010.664359113
301 385 18601.256282884115
385 79 949961.0384049483
108 743 325560.6601154346
743 240 472379.5898187253
708 743 729464.6373729846
708 123 203568.91419435764
743 123 440694.774621008
168 460 352567.21069027274
460 603 984608.9662929972
460 108 278320.5900225171
907 460 22059.499534522463
907 36 630483.8826031692
460 36 869620.9456938897
907 108 741637.6214862242
460 23 886835.9952996454
23 36 392225.5973733749
23 907 188315.4228044027
907 302 292826.9857986699
23 302 944374.7899750917
23 385 869281.068727127
385 302 264718.904668384
23 79 26732.38440082637
23 739 404804.21068079077
23 126 665011.5327731927
561 371 423038.36543776066
371 858 864416.3397072927
371 736 950372.2342055299
371 470 829338.7283553353
873 277 880090.923501052
277 117 441749.79483005486
483 817 527620.2627169683
483 776 45760.68189130389
817 330 392521.3406917322
330 664 797471.9401164716
330 317 661569.7822237435
330 148 93071.41097602677
483 330 588649.0125914011
883 102 672149.6902167734
883 117 943189.4709334649
148 883 274976.02660895395
883 44 76315.0056615739
883 614 810868.2809211677
277 883 577339.862814641
883 38 719559.7122836077
277 38 696677.5630657407
336 692 188318.5988941377
692 588 3414.0421936410535
637 692 636888.4109314888
637 336 274334.8767414012
965 905 696430.0175798805
905 509 506596.51532497717
691 637 419536.9860789722
691 336 214911.77146909546
107 691 171996.7962901977
691 178 177516.77193581304
761 965 521464.2429334211
761 28 661631.0132409113
868 852 368194.99040880497
868 254 226511.69797751892
437 113 713056.2789219498
437 748 86772.70303172113
437 768 704083.2812609049
876 839 884535.180701535
839 710 693969.1242060078
839 868 788670.0407816443
839 254 158767.01980163998
803 151 38101.06402818514
803 401 981324.9103949856
151 401 914152.3601121467
409 656 615829.1826702566
409 126 34757.129463470206
160 409 70066.83814076564
49 514 964857.2748433894
514 299 31930.975726822242
514 681 141424.73924908406
49 681 363854.47991242824
964 682 695588.0223574971
964 480 725455.5768386282
268 47 240068.2240582597
268 299 111308.18352459736
47 299 379063.52425625676
511 553 866836.3419366716
553 388 454262.30435495306
109 981 141985.5110449586
109 212 42935.284601618216
981 212 386794.62235620985
109 453 381941.0452567813
715 109 694302.8297456263
880 542 299747.5172064217
880 606 13658.402964259574
542 606 986930.5221054619
241 840 218446.5600637373
241 853 384682.9352360933
840 853 276923.60647096345
241 398 962727.9731063523
333 241 753647.9422647791
241 621 325125.47246257286
341 241 928266.9397500245
341 853 589563.7492104004
341 621 382054.2777872
398 154 301747.19398748194
398 173 864074.3487635469
154 173 873981.2788018424
154 333 704533.2112702457
241 154 392308.7937406992
793 341 694301.9769333294
793 143 275633.6253985257
341 143 909477.321075688
793 621 67012.65968500637
793 459 773474.3419850356
793 265 26024.240157054846
265 425 621062.0438998945
425 218 114038.82676843413
880 425 587228.2055329863
880 675 629844.2672509725
425 675 710983.8842729068
818 769 681083.0265437736
769 285 631729.5779788789
769 860 813687.965233471
49 622 989303.1177986207
622 681 28973.86415769343
184 985 937956.4613850927
184 59 629704.5257977038
858 659 604541.8283799099
659 859 431279.40611485136
625 261 576905.3733802414
261 858 259876.14188810426
261 659 835111.8352027133
659 657 26819.702119640464
261 657 721815.5807960525
974 62 839527.6012086119
974 925 935805.3170631937
62 925 217841.23448035575
26 638 782289.3070830113
26 655 981049.4278822956
638 655 467783.8096995421
87 237 669689.8318431284
87 694 908492.42155599
796 87 36152.240445354255
87 951 519118.35682448995
237 796 104571.06373013358
889 41 724400.6171751303
889 951 493536.40448652336
889 164 937662.5772289895
957 512 842311.5837388921
957 380 797231.5205881904
512 380 716804.8002109019
957 680 643442.0012326257
842 957 639982.9955449383
842 380 503347.6791130048
157 237 754253.664845282
157 796 852738.8913952549
157 520 643224.1560071455
520 237 308914.7402638842
157 388 441447.588388158
237 194 79598.86895976088
194 932 496095.1853000649
520 194 224310.84596224347
194 829 668805.7822910483
194 818 799659.9121432371
502 581 125978.31200291165
502 865 17553.16849374422
581 865 146807.46051088377
138 581 873455.5406903076
865 400 367808.8475813577
581 400 208574.73130751803
138 400 822176.7191561334
999 901 251010.73806244545
901 628 518479.95184296434
901 369 756287.2915819355
170 901 545642.0254987917
901 671 666705.6120451484
475 901 388524.01732644945
410 600 896584.7566201646
600 34 890689.5247069297
600 949 415182.4898157247
949 34 673944.4495890811
600 513 393898.9215869144
600 404 855538.2679787818
949 404 743932.0223667679
440 684 874969.7936850503
440 726 501362.2496873515
770 440 141927.67746647462
440 34 836087.9591319698
949 440 618445.967314457
644 949 267787.04057042423
644 404 721569.1366180466
644 304 249645.85221794888
250 644 562070.2263715742
274 644 216968.301631834
864 644 844635.386744967
949 863 405924.9280282969
863 896 862297.0128565178
863 813 8933.036545991536
863 740 355213.60064760945
99 863 108991.4067086064
892 564 714546.7858358264
892 438 759906.0979509479
564 438 243516.0567983884
12 564 770222.9783161731
564 976 863411.823618214
892 976 988454.9128470187
611 564 970506.7776602168
611 12 611433.6364933
611 438 407716.83004489256
611 645 155507.4456951927
645 438 840796.6662119601
935 548 171851.15856794608
935 75 111001.1493744547
548 75 724505.7106364038
548 911 923021.8364240065
726 548 456819.757857877
548 678 897201.5085287638
269 16 890133.4592937869
16 251 35998.0198471892
16 935 995958.914631106
16 75 821506.4606285976
997 16 938030.2444297436
378 426 19817.552237705982
426 313 16000.89399141591
885 103 438771.5891029218
885 755 879765.3679972262
103 755 788296.3463017304
885 983 384177.1698138947
885 270 641041.5635411466
937 737 694469.9782155978
937 755 296025.17960842623
103 937 12010.633968117967
937 378 138633.74137936125
937 290 739752.3774857275
103 290 629595.7743320415
804 990 459776.96150607185
804 983 396339.5442309037
804 885 574018.8101059139
804 755 196746.51098988816
990 153 833025.9605532382
153 106 893256.8810859912
788 153 915816.7921975601
153 12 48570.4203562175
970 780 207385.42945285866
970 826 396133.984795221
970 110 503729.6872018434
42 499 478266.073603645
42 292 944028.1038172669
499 292 198620.51627131473
499 158 234800.34593457033
42 158 953786.8335750131
607 42 333185.23029585613
607 292 630446.2910500168
42 777 704746.7269229003
493 814 434836.5281338289
493 654 198038.8901432434
354 493 691614.4963484367
354 654 803843.7502271862
493 307 98908.65804767246
320 942 346143.00330857997
942 130 788417.9998653841
942 926 33887.000551343306
942 519 298552.3171605888
522 942 729223.5301133114
783 942 493286.5186039316
223 555 533295.8017846956
223 690 528337.9935133092
647 223 781702.7164408788
555 844 998908.5678542322
844 52 88110.76628351178
844 351 988561.1885260293
844 82 948811.8059312846
350 844 736506.5971034504
350 555 682051.527904723
844 912 289972.6767770311
354 491 99878.90071955696
491 158 45188.30424310916
491 543 695437.9924365517
354 543 986822.2337600692
491 458 7882.503361260285
543 458 500743.1404795112
499 491 283724.38265679165
815 700 887299.5786502942
700 841 306129.67644381797
700 543 698389.6356631833
700 37 273043.9077171234
543 37 131835.477980055
841 37 275038.38428722013
700 458 719871.8605846205
352 266 269640.9202722724
352 344 803781.2428672909
352 481 903311.0413140903
481 475 445633.3296245518
352 475 292224.26793427457
352 901 581407.3921335118
369 352 474328.3519933973
224 481 879233.8717145029
224 475 286130.6440024153
224 467 297585.7306939553
224 745 766509.4425348873
224 777 988655.1910627881
224 307 618319.3336182776
224 150 519550.22652794025
150 307 719512.6385741393
343 591 286880.5418689373
343 534 530571.1642007724
343 4 129139.78540775429
343 582 234025.1919345675
4 582 923022.9930108739
4 534 549365.5368646291
343 966 63800.57078903445
643 597 188316.3984894527
597 687 225669.29085858222
832 597 264210.27970823954
597 566 342482.04974748974
471 56 257507.9026780327
471 315 863742.1831956219
471 740 240737.30717029996
471 162 137933.95976464773
471 705 783798.5581774878
56 705 181488.22392679576
472 471 818554.6321412667
137 705 598913.9201111095
137 922 937969.818593386
74 137 506278.751099574
137 56 18093.042897246447
991 422 886665.8353686616
422 252 813761.7751236899
422 367 77995.5820332524
422 124 418211.2408869365
422 689 852432.3500084392
670 422 269598.048967005
695 190 390791.41704119736
190 196 616120.0870481209
190 689 689779.0517557694
608 416 453866.3433557467
416 353 503319.9816980541
934 416 202342.85486547698
416 636 552983.292330129
926 416 520602.0084150107
94 318 169586.61072808978
318 547 964795.9102924906
318 464 503491.48715537094
318 807 229551.59595302388
318 219 192183.91931668587
7 984 667432.6432192405
7 582 521217.2575287344
7 526 831348.0997912685
4 7 892008.8941615676
917 244 17608.686974346587
244 63 438665.96427849267
244 944 148277.26767953308
244 132 923706.4551265767
244 283 433461.9011411329
33 904 989128.5299746605
904 319 832291.6285715087
904 534 906560.8395886696
904 4 928416.0423744832
904 278 639773.8233741825
648 490 14750.858319936944
490 406 620315.0163974784
897 490 797329.7133160885
490 738 575733.8456008176
856 849 23150.09479921193
849 979 174486.8909142989
849 855 469959.2522227397
674 849 355812.0284118402
849 936 87726.97330171042
849 186 371153.234025715
855 831 289963.70330440294
831 273 767846.9608394272
86 589 21938.740342485995
86 866 401794.11093804706
589 866 796237.8762380232
80 86 752072.925656733
502 86 304225.64551302977
809 666 393796.69685241557
666 979 376744.5690683436
666 676 322221.37188632874
666 327 769106.9195961206
414 809 971639.3580676831
414 273 62202.12966665384
414 376 968551.1683076282
414 676 510104.0806398228
589 537 179698.432965002
537 866 182257.2312143933
538 89 594572.79505298
89 585 534884.8475658166
89 702 992867.1757751056
89 161 146201.77789376088
161 585 563549.0075351442
161 702 984013.2859175717
955 253 808490.6406502138
955 484 372530.2865089299
955 819 839469.0775427647
448 385 883061.5159047286
448 301 487431.43029359257
385 986 298522.06158085103
448 986 542972.3980620657
448 717 95665.62714348137
246 448 778151.0805395383
986 112 93076.30640484388
448 112 755096.6228328673
13 977 628747.7633067969
13 489 457051.3305016426
13 112 189348.18221091432
13 665 185227.85894435766
665 112 350680.6003870698
550 32 203101.00351223382
550 567 684837.7788435454
32 567 185582.99559294712
578 32 740909.7501326868
766 379 618081.1947533668
766 286 46544.91985922005
374 766 835097.2141165064
374 96 980589.267985661
766 96 599528.3456552376
374 379 459491.3400500499
374 578 436245.3374739782
374 846 323855.21661368175
811 374 440660.3739500743
374 61 789115.2353591268
19 957 345602.90868630883
19 842 380623.78836405487
379 19 559596.6469937923
19 968 180184.2171511353
312 19 828494.0904858238
19 811 101439.50390390088
957 312 174071.94025348005
891 925 60805.300209480716
891 332 618990.44437543
455 891 614236.7246166228
455 332 544482.1759535936
891 355 388504.28267335903
355 925 339346.0588277897
891 286 740977.1589082672
455 286 197078.16564639212
125 374 979635.4070835356
125 96 728150.5667132168
125 578 670090.7619555932
125 32 37379.63705228775
125 619 413187.4670494853
125 567 164499.92845968707
619 567 879054.9501100233
174 596 884759.3470780278
596 972 855282.778269545
174 953 720009.7349355597
174 583 48971.74940713833
953 583 220502.15222343174
953 754 299475.45613428205
980 550 333920.6811940136
980 567 589184.1042104173
980 698 438304.2933849207
345 121 163176.07165306935
121 165 433875.39729928493
121 790 16991.7692446766
392 294 53178.622052847844
392 295 504771.72752306785
294 295 25704.813118412774
392 121 743095.8896562208
392 276 667293.8102887584
121 276 294919.6850218796
790 392 555762.2326147894
790 295 226595.24990028734
294 231 562773.3751529393
294 754 73229.5508680152
231 754 86627.78228151969
953 231 118302.86127337764
953 276 94289.1865249269
231 276 816239.7918510635
231 392 7891.22469426573
677 191 844882.9177773837
191 189 774737.0761663872
751 10 278043.07314422337
10 6 68903.90551183301
10 677 341578.31946710835
937 347 280248.4002678758
347 378 127434.22267269045
539 482 322259.62180471304
539 189 138651.4807772543
482 189 462513.37164154794
482 808 634857.8390701661
808 933 83515.50915808615
933 6 565740.4090043997
954 518 258806.7928898501
518 719 123817.82175786626
53 518 698785.3699364827
518 474 302746.1302369345
518 501 84800.64114956076
391 98 4486.814989316579
98 332 303478.16847426526
98 455 989362.4510722007
27 445 734967.7296799315
27 754 924525.6666008524
445 754 145678.09428681145
445 294 134306.1540594439
389 751 588756.495565172
389 496 399006.3093849309
487 697 205563.91137187346
697 715 748000.4350074035
598 624 324957.8318365085
598 218 490798.67590810976
598 877 984447.8149263349
425 598 710122.2233495376
598 880 963410.6135362608
300 994 581356.4051322553
994 613 368449.72867173195
450 994 208359.84632717352
994 408 36712.96251712064
316 882 716332.4759189463
882 173 354455.19293732144
998 256 491041.2074766033
998 902 52565.72012818517
76 873 322104.67618147965
76 653 435387.11899069714
303 76 839912.1732682248
76 993 388549.5762682742
76 523 755043.5692413141
92 921 99599.5200232772
92 3 876621.1022762598
187 92 781979.6462598335
92 316 658083.3429425487
187 316 16613.265982221346
181 92 498075.0613703331
385 627 822080.2295980778
627 302 649828.15319482
627 986 68731.31382537812
627 112 317086.12357901165
302 123 506530.087161687
627 123 597811.6080912078
665 627 221529.04675152895
665 123 210186.38901015764
111 302 426141.36049444776
111 123 251360.2646929821
743 111 268249.09024825494
111 907 865456.9492543355
111 108 809506.2583550138
929 372 81540.32503267028
372 206 655032.4627366378
372 168 884784.3362569838
372 126 469353.82769427967
23 372 833811.917293799
372 460 326052.7998190892
530 371 244412.25269569922
530 561 380230.31895267946
840 530 776868.7019829876
530 853 649030.8957518425
483 969 111420.85787350198
483 711 832772.470360313
969 711 183937.3642573724
969 692 717591.3259336182
969 637 6023.048910814066
969 588 294309.3686247098
969 776 623525.0518261234
330 462 1425.1440178998375
462 148 189739.77279381314
102 462 702689.6636092489
462 711 441828.8882385385
462 483 935840.6878617024
800 883 84680.76102049903
800 148 59729.05138710016
235 905 824827.7496194595
235 965 571301.1977166949
870 235 646066.4478089557
870 328 425804.627256823
235 328 471350.5097720998
691 95 131387.5377270224
95 637 944231.0611267505
95 803 971083.8806070525
803 637 910844.6772884758
786 556 934016.91683269
556 28 310233.5723475459
556 761 323023.10061497317
872 839 247164.11944934225
872 279 999421.197968778
839 279 162976.0722142798
437 872 426618.6313443754
437 279 69635.61786677131
207 258 486734.48602615285
207 710 574443.7100696065
839 207 414060.3778408749
207 254 531317.520874934
958 323 337071.0022313036
958 761 89332.9470989771
323 761 731049.6722624801
765 958 656730.931071347
765 761 540523.7529844842
765 556 217693.38354280422
765 279 326072.42253570346
556 279 828219.8368700172
789 394 595014.0582593988
789 876 642706.3109559119
394 876 542852.2796195344
394 870 155628.49491581577
789 870 369105.8562493094
394 328 648579.7256898385
323 394 750638.1671366869
323 328 326631.95430074865
423 746 178709.87367124902
746 401 297990.98891985253
746 803 588433.1255799013
746 711 507466.5394308846
746 637 751599.4987146319
969 746 874012.8039615692
67 789 19798.55368565131
67 876 552983.7785815501
67 837 847585.6755741491
739 67 126002.76133088407
67 656 942343.3828254408
409 524 206682.95891669052
524 656 254455.30374484038
562 981 188867.14532143922
562 931 811958.8888712587
562 299 372740.2255444314
47 562 991623.9505596693
562 212 544451.8186501832
47 212 109378.12594028296
298 487 698305.5325174988
298 212 409204.699987049
47 298 252864.66923508645
329 298 956639.8626800643
298 480 99355.00938978592
298 268 415152.4011080809
268 480 740435.5924739932
268 31 688237.4085438862
31 480 515228.62666009617
31 964 5537.071393493243
31 553 727233.2065240729
31 511 197288.0904166958
553 25 398092.208735679
25 388 177112.62675452855
25 157 649336.6530892514
25 520 33660.921287498204
229 606 763674.335201146
229 822 377748.4095629016
229 880 337157.9637352844
229 598 774968.7063558708
311 229 964132.1816985373
598 311 898579.6178610615
843 880 487185.82841179095
843 675 571358.6262251526
843 542 397384.6024738269
697 828 464980.8380416641
828 715 397812.2377015135
828 109 780478.5121307834
683 793 405912.9798624802
683 143 304094.9695894595
683 265 381477.03080881544
232 622 811246.5256084818
232 49 690420.0946935987
232 931 645563.1505296477
794 232 826899.5798249014
725 530 726135.0337500606
725 561 848416.8769994483
946 725 925684.1466679438
946 420 164986.69614679395
725 420 473222.073119499
725 341 419892.3026086251
725 853 367107.95606349164
725 143 225953.03790961663
946 143 448182.94544342
515 561 784624.7232515885
515 859 772964.7296672231
769 515 668619.1788804329
769 859 958553.2267505853
515 725 696008.9619481501
515 420 492860.1614769448
823 794 870911.4775423502
823 508 560264.6034210208
946 823 47300.21095033676
946 508 522409.9976522765
823 420 167396.50662100015
166 769 859409.1527675011
166 859 452812.75579354516
659 166 824814.1825122036
166 860 714910.0612682756
84 625 698257.5955177773
84 723 51273.98916035131
84 261 565451.8273059394
185 452 41457.818125036574
452 399 162362.7956356769
452 62 257683.0423689076
62 399 807710.2382007445
452 925 482169.8222183295
62 792 793513.566060293
792 399 103812.77603971728
129 60 644842.5146538797
129 655 269112.7422612467
60 655 316248.2211581099
638 129 26488.7749297269
129 733 305554.2771650034
638 733 528697.0588299106
20 129 920223.0167103579
20 733 881587.7561504495
638 797 213395.819582893
797 733 525097.3062310127
309 87 33378.608912821735
309 694 687685.5463738309
364 749 918115.4401623635
364 21 891679.4478081348
749 21 367149.0914316391
364 83 254351.43811608286
83 749 420517.7495051174
87 435 483872.46694071306
435 951 190144.3027184586
435 889 364140.0472668602
724 83 641474.8363630445
724 760 403157.5585864645
83 760 880404.5892351783
724 749 586781.3582189851
164 724 125052.8996938457
889 724 442945.0126207145
957 947 171905.34926308176
947 680 968619.6202550344
947 312 70009.32602874388
947 424 804395.5797703386
461 410 21702.269188652477
461 595 522446.75730369694
461 600 993630.6405331461
513 461 871084.4459616526
892 729 327137.7200481681
729 976 603721.8854550119
918 940 62011.377671130074
918 447 961913.4294002535
940 447 521965.9965977862
737 805 994251.8936806412
805 242 956371.1439557732
805 313 931668.6632795802
885 996 915529.3500370353
996 103 672875.021106117
996 290 977609.2875241524
996 270 96339.10700938775
996 678 756000.3010990905
996 935 506088.12249698775
935 290 914490.0290791215
548 996 367320.14641204744
804 386 482329.3420400146
386 990 116000.16470038066
386 153 157593.24269165553
386 755 38869.3846753414
386 12 331032.10783889703
386 611 704988.9092112333
576 667 273789.8525668544
667 826 187647.47321401243
667 920 386111.310440183
667 97 389224.23606334376
40 607 658443.9914250249
40 292 480148.7424889678
40 499 988880.7041699298
40 915 273724.25051610515
825 915 245771.38495536856
825 551 999005.5998035128
110 825 885100.5121608711
825 40 649239.1677205564
40 234 731812.4082655779
825 234 671254.0006287732
814 626 971081.9138373096
626 908 583596.6757722314
100 626 449591.47327627003
100 814 165622.84204274768
626 350 534863.4908642656
350 908 922974.7813293647
402 100 180005.22156765507
402 814 606020.0607175289
71 626 792943.6134771466
71 100 320283.50228336465
71 382 698407.8604441814
71 255 754274.4175556155
297 71 339864.35703505034
403 629 426211.6395455538
403 50 668023.3706031854
771 73 218856.02658720448
771 738 452189.0213499449
73 738 876740.4082283331
150 795 52146.326035588885
795 307 820533.3736629062
795 493 973525.6209724699
810 280 474697.5853717158
810 115 391303.8555620726
216 350 188874.1674462766
216 555 890171.8129891107
223 216 581080.579750958
216 908 200648.79258161373
732 223 920028.2605438393
732 647 687402.5144636454
239 732 832435.5009031609
732 722 996416.2417186712
732 841 131583.96910078195
732 37 26067.642131136214
223 37 528310.0525991265
56 650 678069.7283295015
650 612 91299.50924789577
137 650 902848.0470497526
650 74 322366.53585448314
650 620 133694.72440580555
222 917 377957.5491946374
222 283 250384.73888700586
244 222 959971.9720209545
492 161 757829.605570096
492 831 885761.7951114627
161 831 552553.9908098117
779 492 772763.288091906
492 469 951486.8422084796
492 585 431382.0088746044
666 531 388671.9462199193
531 676 535083.660223398
531 809 64835.403246889524
531 414 538408.9811414963
577 502 316693.10895344213
577 865 205488.13116806574
577 86 564892.4469579814
414 577 90186.35891242344
577 376 349911.79415184417
577 400 923342.4788308287
589 77 337436.5388080223
589 273 344919.01777516643
77 273 560766.233967574
77 414 160155.26727706598
86 77 551450.7291396401
577 77 832722.5135600197
886 952 952025.5778520326
952 702 535482.0524355026
952 537 2946.1836319853996
537 702 107170.21327085196
952 178 701122.6531937841
479 952 125422.16490886926
952 866 471213.5832295862
537 200 177086.60265258825
200 702 447513.1547478849
200 161 674351.6219879475
200 831 161998.76424654247
200 273 472469.4719034186
200 589 21304.110583213464
48 267 277838.3252513712
48 557 719819.5357559437
708 48 251330.80008782938
48 123 365389.97056600964
665 48 808294.151714419
20 48 108730.63515136238
20 665 492199.69463789917
384 374 937743.4242948112
384 811 439960.1430641181
384 379 439203.2561771071
19 384 14079.97623818924
19 11 381156.64605951303
11 968 733480.9267303693
11 842 235395.2848249934
11 412 622284.6451788772
842 412 881362.6507729039
968 529 184769.9040034666
529 286 327282.4718068025
529 891 264396.13844083046
11 529 945196.9783289856
163 125 9978.612695201728
163 96 142499.5840974298
163 619 304230.10508166417
583 163 638503.9065547398
583 96 770929.6446600499
619 583 132869.29723144503
346 619 374243.39593050093
346 583 761399.7437316512
953 346 678506.7768908117
574 121 646702.9562119236
574 345 987892.7358505104
574 698 15705.43938703206
980 574 360189.6031498181
127 540 389476.58579154644
127 978 224631.1470014083
127 484 490454.1708250918
127 504 673419.5464731973
209 473 717865.420020615
473 407 722806.8589861762
264 387 436718.676988342
264 407 234934.75212932646
264 418 181634.02945528473
473 264 986227.586536808
592 784 352968.9083641937
592 432 961752.0846594898
784 432 22383.452122918145
784 649 776577.8571670821
649 432 428083.1482301337
649 262 274640.58316927677
262 432 261808.49827160125
221 649 312254.53000960854
221 978 180937.15777375828
649 978 955178.3448196995
441 677 239880.1553856933
441 197 775981.6509732928
677 197 923640.8512507667
441 191 14276.546495400666
405 441 482089.16698985436
215 405 339317.92835179385
215 134 581752.3447974721
539 215 746958.0911186524
215 441 7262.155281131278
215 191 816535.1583655004
215 189 730222.2074310898
827 937 286231.4875443398
827 290 586958.128846768
827 347 844810.0635246205
935 827 609460.9223402345
16 827 309188.516210762
501 259 703746.0396771772
259 821 527559.6178460844
259 482 251298.4825629665
259 539 178349.30528482396
259 360 14324.450368046304
390 356 740751.1954297435
390 391 569198.3329169101
356 391 266613.3966336457
390 399 680262.0927542293
918 390 872388.2528839954
918 399 985322.4777935633
356 226 211893.6179216292
356 939 139520.47767914922
226 939 437301.1033846022
390 226 867180.5752274379
226 918 444931.9242275761
226 447 568383.616935612
389 131 351116.2287066677
131 751 634915.4188889951
144 375 141317.6345601439
144 27 581603.0847165679
375 27 447765.2635503383
429 356 324741.98450305616
429 939 131160.67793411046
98 429 316349.2392998282
98 939 679008.6757584568
429 391 653212.0099484881
802 98 736174.1033643036
802 939 815886.0010333555
98 210 176914.5796052799
802 210 642265.1476124416
98 781 823221.3562758805
781 455 442129.7331194728
35 45 159318.15308267338
35 0 428229.5172968358
45 0 400112.9727191353
45 487 976813.5049433277
45 697 28117.835193026018
828 45 57924.28318880172
828 35 682246.4360973161
685 598 589256.7303927485
685 311 339279.42627235706
685 877 909720.7013994162
685 408 33080.18575646776
877 408 310084.18226526125
546 877 361885.23498345737
546 408 862955.8293316012
994 546 559095.5022100728
546 450 926777.8850705465
187 411 441842.6173998412
411 316 991103.5721500486
411 882 184185.62349523825
411 173 886086.6391893883
411 398 951318.4165844299
773 277 317214.8426250976
773 873 769730.3289406257
998 773 993979.8456372574
998 873 319479.06129296223
773 38 918571.8855530672
773 902 914376.8808909982
263 998 109446.35773071753
263 873 645473.6891278236
76 263 524374.5323779173
263 303 545751.4407102992
263 256 933305.2796283475
263 921 358293.7583296949
263 181 874478.3181328411
181 921 573977.8599293755
208 181 775056.2661616089
208 921 799680.8602759133
92 208 667732.3049197934
505 530 118586.85736739571
505 840 896551.4046493637
505 371 440143.4544388214
505 470 390247.96985968313
883 284 190962.08823426242
284 102 515324.8712386348
789 51 809446.535729972
51 870 840391.3990271927
658 51 266061.8758347982
658 869 546808.834744608
51 869 380028.53195182193
149 95 202378.2515296575
149 691 265463.07757497445
905 149 844375.371270531
149 509 528344.8356013995
149 107 615971.195381692
573 437 398513.96148037224
573 279 448148.7116459164
556 573 337620.63879794604
573 786 583396.3734404257
768 573 585662.4638349502
245 872 376799.4064718186
245 602 437811.87236424733
872 602 123847.91952366925
868 245 866348.2165012091
245 852 345414.11728189874
602 852 31414.74074217965
839 245 762898.8401017131
693 872 135761.0536338729
693 437 508814.8040003594
668 693 868711.8597193691
693 748 672388.1537728468
693 602 690371.472249226
852 693 942156.4384873195
560 235 811750.7938211266
560 965 354191.061615833
761 560 975589.0762877036
323 560 740747.9523629248
560 328 413266.79050044477
631 765 76814.52954767432
631 279 449789.4798549074
631 958 507274.94728236477
839 631 966395.8887004908
631 876 554299.0895154089
394 631 600550.0384806205
631 323 29422.060502020788
204 67 546571.0598507171
204 656 400396.772900128
204 789 14896.903874595413
204 524 55522.83446998518
204 869 465740.9444150075
524 869 826764.9074476757
51 204 544378.013800121
310 524 813322.5589693522
310 409 836271.6162890001
310 869 340429.7880533641
310 324 434533.25184841605
310 401 249563.18115021646
151 310 913245.8434816216
310 160 193220.28772615764
487 988 202275.34026985662
988 135 316181.86342446296
298 988 621292.471850381
706 31 25261.24934847207
706 268 488985.06012436614
706 553 281583.20143426006
706 299 571442.711494682
706 25 492443.9268694052
510 31 290181.79090194474
510 511 210446.49951599614
510 964 828352.0456112303
510 552 858277.8051132436
682 510 109969.99702008691
982 514 193139.79754862175
982 681 826054.8082536351
982 194 712172.8268144672
982 520 404412.59873225045
25 982 321631.7885688066
818 982 356919.6597943789
818 681 371606.5562988922
843 975 782802.5914778174
843 453 77310.76333649489
975 453 390960.5837017448
975 508 413481.6999278892
975 946 879468.984970225
368 828 224635.28565002378
368 35 536105.0765760618
828 542 522385.4872025976
368 542 152414.65531925292
368 606 614730.8425894113
368 0 12558.243608788654
843 571 320336.9013682745
571 542 239382.78648095333
571 828 892213.8139005072
571 109 825623.1835895904
571 453 599075.1079098022
515 847 212362.9936109762
847 420 348158.3615513285
847 823 444435.70997578086
847 769 218579.5627426127
847 818 656774.4859839578
847 681 269909.2677539972
622 847 949612.8777905962
232 847 218496.71367155155
847 794 633632.1082700805
357 829 894160.8781343179
357 860 5368.024995588084
166 357 918909.5245166613
950 84 568779.4045444297
950 723 837472.7576876278
985 950 568417.0301812777
184 950 83804.82719332016
657 545 743451.8184122255
657 714 38825.28293978893
545 714 69920.25884466468
261 545 789834.4447353934
84 545 590557.571358957
211 62 512039.66946061543
211 974 151956.09080086846
211 792 526605.457239568
816 334 598240.2448160967
816 26 178451.43638728943
334 26 210285.04007163472
816 792 862954.5125151303
792 334 557577.2273331075
816 655 520350.01241440536
816 399 72590.52830549196
816 918 224464.54603799904
516 533 136461.61004830714
516 21 874703.5532625554
533 21 483046.3483341525
516 309 787520.1016425139
309 533 273360.7242277193
516 87 575379.4961549023
348 355 423299.26915710437
348 412 746483.2956032773
355 412 505229.0429121288
842 348 401231.52682298026
364 348 519707.21715767885
364 842 420879.00733630714
586 512 811127.2868794488
586 760 47427.37433860755
83 586 148902.37373673441
586 364 622298.4638400917
435 758 972157.8427872439
758 889 265665.0575508076
724 758 736596.7525833413
758 749 703998.3740197635
758 21 147569.58450392555
435 21 705823.725634141
645 923 512120.33218885056
923 438 947912.3097886997
923 892 539162.4376371865
923 729 180434.95209135974
129 742 460144.6134671807
742 60 547949.534937377
742 655 912900.3398322046
476 923 934733.2803131504
476 645 132584.94129595067
476 729 716458.5281607893
476 976 432929.839468879
851 940 681464.2285934218
851 918 222659.00279640316
851 816 680579.9736896276
851 655 317598.6722914639
742 851 555108.1195309357
308 851 714251.7312016739
308 757 956977.5227130856
851 757 264916.54853180447
940 308 514962.0465296888
851 457 189613.804278982
457 757 790648.7204481325
742 457 95975.65755365079
365 611 695962.0839105018
365 242 611274.4944386163
611 242 833329.2003786877
805 365 901477.1635953748
365 645 658099.8789755742
426 287 496867.44331441866
287 313 529167.9078236884
428 805 129513.65438476014
428 313 152158.66069694294
287 428 510346.8800014072
428 443 822852.1465637046
287 443 866804.0340150362
428 308 692766.1321318458
428 757 323889.76636030653
443 308 955961.031652417
428 365 638986.3216477031
242 992 435509.97685619054
992 755 814955.7663210527
992 386 941998.4893333237
611 992 533644.0904636162
236 970 485126.6083573439
236 826 337388.32839544566
667 236 685059.0956751178
402 632 930529.6072626677
632 100 424385.885242291
493 486 155077.87141934392
486 814 519522.33610447793
795 486 482402.3508111882
58 71 857057.2149220875
58 297 893002.0844396382
58 626 652125.2334598657
58 912 380838.8231618679
844 58 328619.86855485215
58 350 891512.3931600322
434 71 718384.3193558228
434 100 383990.19104245503
632 434 536131.0923257647
434 403 197170.08349499677
632 403 364174.02592612006
434 382 838867.6283444784
434 503 208764.45866712046
434 50 666941.1075115988
490 728 418490.0195373199
728 738 367474.3602486777
728 771 812695.8834621698
712 728 228961.24619330204
712 490 840642.3564920301
728 288 30923.53614249377
712 288 742661.9421849633
498 795 621515.7396133725
498 150 210599.23186790218
498 810 189940.81562808907
498 73 928918.4411601723
810 73 477170.0572663486
498 280 38425.65663462682
771 894 208326.6846215417
894 73 462490.95050851494
894 498 159185.799468476
894 795 271049.35906912445
894 728 788461.6659852888
894 288 140273.02134790475
894 486 58636.76511008242
402 894 669261.8373779621
402 288 365538.15355740924
73 377 253187.39170028138
377 738 941005.6107289278
810 377 701101.113027863
377 750 439844.88534919976
377 584 776142.1339363287
377 115 206588.70079657776
296 223 605041.0851031172
296 37 814824.2518239552
296 216 405114.9435018381
331 654 366396.2255078587
331 908 163540.80478034215
216 331 242177.71818248014
331 354 192214.5124179202
331 296 119507.66897320785
331 37 902114.5924036317
543 331 503785.6865422725
120 831 47531.99836825173
120 855 534620.5241475095
120 492 274470.8218989256
849 120 674769.1296566518
120 186 422652.3394805728
120 469 586036.3414262512
642 20 634929.0580401826
642 733 781778.1414490095
642 48 915792.3112714288
797 642 220348.0184331399
642 267 604637.654221164
797 267 776014.88927746
766 18 551382.6890396955
18 96 746036.0493218867
18 583 719338.9855144738
913 529 943060.0633538407
913 11 164839.45906046193
355 913 602031.8325679308
913 412 325860.7067837733
891 913 749695.4903087658
641 346 134497.38022604652
641 953 431697.3253860016
641 276 171456.52867079052
619 641 379437.16020149743
641 567 661897.0391189997
641 980 64340.998347015455
495 574 965764.4903118984
495 980 797782.890703084
495 121 125563.84837108792
641 495 296798.19665342977
495 276 343454.0319236965
867 812 133534.85332752424
867 784 358947.4320415319
812 784 118761.42479678431
536 592 193242.21056563663
536 432 414887.06797930173
704 867 6945.038677255932
704 784 12148.737788635011
592 704 265219.869291643
335 389 357088.56124983204
335 496 633160.389232757
325 790 739238.4867466443
325 295 643753.7297345831
233 10 481988.4781609616
233 751 939311.0698881618
924 827 808562.0250711881
924 16 427088.301248342
924 347 792446.8595313593
924 269 10179.359204973593
924 893 566628.1129137547
197 924 783639.1901278984
347 177 727446.2960384614
177 378 629796.685404917
177 271 593386.1390561063
271 378 949300.5745310044
569 426 682430.0109631842
569 378 723465.6425488805
271 569 578565.5801910628
141 569 462472.2438608204
141 358 373595.24250004697
569 358 246257.38010338595
141 426 844584.9830456426
233 887 643991.9970027469
887 10 835752.4358580672
887 801 294107.18961848813
233 801 694867.1719694376
887 677 272439.60747679585
375 956 636843.4558523286
956 27 22036.500971904017
956 445 299573.82142312184
593 144 479824.3220262215
593 27 278304.49033847335
593 754 339215.3931963616
593 972 845568.8136823995
248 802 90143.36923843203
248 375 536836.6808848205
802 375 87769.51795377064
248 210 109386.8421891373
703 98 763943.0420018536
703 210 984674.5026120369
703 593 688193.7491393194
703 972 233364.0866105484
599 994 633636.6946069513
599 450 593228.078501424
546 599 210481.01116660913
462 188 761050.745486259
188 148 53094.78405543
188 800 80147.09106200945
188 102 498496.5117984549
284 188 978057.6000350828
188 883 957515.0002964407
152 658 994087.8242399525
152 869 811872.1571144867
658 151 517221.7744878388
152 151 867043.7892584307
310 152 353993.4499973699
658 436 13423.342966347063
436 51 531140.319438992
436 235 551066.6845256903
436 870 201232.96333617537
30 298 297257.10273694916
30 329 143929.4574244099
30 988 844570.290260725
135 30 674563.4871485482
363 706 821415.0646441085
363 299 369653.4103396886
363 25 138137.2499234007
514 363 600280.9871699731
982 363 951653.8858877553
971 843 102161.88012213768
971 675 213086.528504425
971 975 13020.58532097672
425 971 165307.56651808586
829 861 199923.0048338241
861 694 198047.14254330026
357 861 586089.1526045634
861 309 567333.4148436046
950 93 306671.60373044567
93 84 428181.44558474555
93 545 565039.244375351
93 193 622640.6100882071
93 714 94832.28894765639
193 714 122559.50203887644
334 93 30933.866785929466
93 26 128045.74883394493
193 334 958888.8561393918
456 435 329163.09570413706
456 87 146813.16177235436
516 456 820965.8027589109
456 21 38705.06082840319
563 533 790438.1277520298
563 714 799753.6049408903
533 714 540116.1016743054
881 563 472748.75730635267
881 714 907628.5635301853
563 21 200100.86055209252
193 78 480521.9454342883
78 714 365694.3316961766
78 881 785756.0255117316
78 334 703300.7803625438
78 397 208018.5671951652
397 881 677641.476076989
512 688 91050.02486604764
688 380 860200.9594312147
586 688 58621.74358644723
688 842 810438.458091978
688 364 794254.755225736
24 489 546005.018296876
24 976 918541.8056454887
476 24 241139.11154907552
24 13 276359.2972367313
439 476 327989.29854883964
439 457 699955.3645331446
476 457 832713.5989390374
742 439 224501.0240609463
439 24 755996.2374870654
439 129 840767.3193524606
439 20 760911.7515589348
439 13 940602.4379479394
439 665 808592.0068672844
802 488 701668.236262684
488 375 207515.05174816743
43 141 761201.3145385988
43 358 130805.00658159077
131 580 290367.7589579321
580 751 351848.40097951645
580 233 714606.5292377999
640 287 459783.7748864291
640 426 619480.8809674182
141 640 234357.45979519218
640 443 657408.4927512696
413 428 189763.78786755988
413 757 637075.2289732639
413 365 193960.97292523395
413 645 975604.0409372135
457 413 382991.1057231191
413 476 814961.0152138401
970 914 472511.99311047496
914 110 991882.272691502
236 914 315205.5167906114
914 825 858268.9333083712
959 402 60280.8547601017
959 288 500097.2643890984
959 632 104180.62672641038
712 959 401446.22263934824
959 403 809013.3492960684
712 403 937668.4186660243
517 490 660055.0159333455
517 897 999945.0738404528
517 712 400076.2996569629
517 629 217021.38592712051
403 517 713834.7902451886
238 894 396921.0850088805
238 402 161666.49232596587
238 486 160755.0848290451
238 814 832237.7327257739
900 18 249100.9145284715
900 766 580198.6926450429
900 286 413319.927656748
455 900 266751.9154653738
142 900 243118.9548348963
142 455 220799.13149548048
337 812 156791.5867732782
337 867 890337.4132120622
955 337 907280.6915860606
337 819 207592.23821106565
127 81 979038.1457407546
81 484 90081.04259906891
735 127 670497.095457217
735 978 473452.53664943366
649 735 394869.6725426003
735 784 513985.3987816111
812 735 663926.8957476476
960 473 653763.267000742
960 623 446347.8290029321
473 623 136983.1094574576
960 264 227931.35321994484
727 954 606899.5440555569
727 418 695130.7094981944
518 727 413632.2786787659
727 501 215261.44643317192
293 727 907864.213963708
293 418 791741.6977998201
473 785 124788.78665339433
785 623 604089.1860461482
785 536 968497.7894504643
536 623 7964.753636444888
335 415 27033.56073688723
335 182 970376.4855179173
415 182 3577.7526865050645
335 227 648543.8636567589
227 389 714676.9551435659
131 227 599856.575762945
131 875 933047.8870082316
227 875 8147.638822459835
227 763 367481.3238296878
763 875 615072.9244739752
763 335 334073.9584956357
763 131 953573.2722344538
763 956 332614.6964495059
956 131 530980.6188169927
836 175 486784.29223320016
836 554 50296.83061100776
175 554 808257.2155150323
836 432 67560.84090856717
554 432 571643.8378592994
262 836 586529.8959157653
956 594 233666.94955633584
594 445 201559.24806620416
594 763 207273.01626018502
594 175 637238.1676025431
763 175 831511.2181833489
325 762 541040.406430019
762 790 703227.1514400333
762 221 757928.5700512652
325 221 25848.52060151832
762 978 405485.97162342345
325 362 166829.46792311504
362 221 298987.35494767834
649 362 279325.55344335677
362 262 604482.8918051516
362 295 970839.5146118938
362 836 10907.433865608218
569 716 874231.3478884572
716 358 661594.7762353555
716 887 619714.2594413476
716 801 721534.936870068
887 989 267138.04901627544
989 677 919472.4320304547
989 177 406964.89923064626
989 347 376204.4782076703
989 271 963115.8030123462
716 989 380310.10088068485
989 569 5018.480241921863
370 69 701038.8462791428
370 781 941284.2636356424
69 781 430935.3020523535
18 370 434308.96128789964
370 583 419802.9929830872
69 18 170124.5537235554
660 781 327349.09281344205
660 98 649748.4926801283
703 660 285159.8373411104
660 370 55802.28565212775
596 660 895866.011626593
660 972 236357.26882833464
593 507 770460.7773300612
507 144 870018.3415227705
703 507 230951.7108680733
507 210 936558.7749033392
248 507 999994.2964161105
507 375 77064.20955815118
235 833 449789.335487361
833 905 712463.5749283666
436 833 428627.4871169545
833 658 556006.5499340263
833 151 353802.24696203886
683 871 234163.38885617183
871 265 954089.6942667564
871 425 308875.15285953414
871 971 485744.4989796439
871 143 497310.11883537343
871 975 670676.8601930782
946 871 982610.2415818478
861 14 942597.1620623256
14 309 814715.6456135245
14 533 178962.3248464881
14 657 838841.216108028
14 714 167905.52688685234
430 861 568886.4004390243
430 357 653937.8602891777
430 166 109889.37806990407
430 659 726883.3073033552
430 657 600449.5264749671
14 430 139939.9161599919
93 756 427010.22636763233
756 26 673542.1681079734
756 950 268653.52183683735
756 184 508576.1698687424
756 638 727041.861164257
267 756 486422.76706291887
756 59 766618.66896478
797 756 767488.2405818442
119 364 944481.3629235284
119 21 508497.5791075431
563 119 490843.61300311465
119 881 78460.18967346424
397 119 958679.5794533599
201 78 837104.483429008
201 334 640419.330881389
397 201 359324.6805353634
397 974 78485.51833031425
201 974 975955.3983153387
713 397 32707.173781480913
713 974 970488.9814612194
348 713 533646.9337415905
713 355 154143.02664743183
713 925 216385.36217739267
43 943 447380.0201977752
943 141 923780.1597075734
640 943 130458.67232342712
640 447 155921.4110912388
943 447 624440.0662348605
943 226 589717.1830224392
43 226 875366.8244303139
226 176 389163.14195215364
176 939 729878.4669412177
43 176 168408.89204143707
176 802 763895.0779802295
176 488 772199.429919002
488 172 276842.3819486115
176 172 175482.2675262414
43 172 550278.7448634389
956 314 955594.0197709772
314 131 220314.31968525416
314 580 572643.8298841908
314 375 579886.6706801611
488 314 6292.410303224027
314 172 77982.80689650739
580 172 975141.6493845868
233 220 555554.8346858147
220 801 521112.314405477
580 220 407715.8655465526
220 172 871396.2474478688
122 640 178007.92012950094
122 447 457405.40830117185
122 443 921708.3648688361
940 122 694500.4104811053
122 308 517159.3857116252
449 914 691295.7050546736
449 236 428561.7034181536
825 449 492939.43345527
449 234 232143.9718362519
254 449 511682.1889250467
449 97 44901.312598748635
449 667 174330.53495207685
607 449 186915.22756637534
40 449 506750.7840424672
895 69 154699.67337451663
895 18 61150.69793936989
900 895 887188.6190096396
895 142 405542.6807563802
895 455 49295.01558283911
781 895 572233.8743655094
349 337 967031.9437517201
349 955 423335.3193484765
349 812 906142.2032909815
349 484 473249.21112042293
81 349 419626.40259964834
349 735 415180.16808716377
735 81 106933.59700933058
704 257 152633.3650956534
257 867 3226.281484807303
257 337 810255.85843603
819 257 579847.6538562923
257 854 315658.170613095
709 81 65576.73785252827
709 127 185582.8510018529
735 709 145115.82790675302
5 960 62980.949289041855
5 46 435540.0167893413
960 46 100343.89855744175
293 5 214324.24716187327
293 46 416071.17484505207
5 264 271086.07297784626
5 418 941333.6810615008
183 536 374298.83288817754
183 432 742197.915005519
554 183 720002.5840742094
536 532 352981.2327489168
532 592 729812.3137627356
785 532 971441.9123058697
532 704 265886.85892500717
854 532 659982.8578175608
532 209 289822.1901642304
257 532 711463.5287962371
532 473 235342.3590325674
116 933 212180.17693009338
116 808 909239.1106362885
171 496 645397.4016224337
171 6 131967.15815690218
933 171 481022.20534474216
326 228 50653.57801873405
326 46 987351.4165228067
228 46 173594.15983195193
136 183 146885.1010384885
136 554 708256.1047544224
183 326 879252.4347357774
136 326 532619.1301230349
175 136 464390.95997905964
782 335 191841.68960988268
782 182 445619.86101815745
782 763 711989.0805094824
782 175 839727.0907830527
136 782 623590.5682493958
136 182 309259.5626410746
836 419 127971.07638520311
419 175 671362.2615941905
419 594 349230.3306135518
419 362 752283.4047483243
419 295 654566.8676517594
419 445 18193.938379815645
294 419 492918.86402059795
924 835 300385.3020160265
835 347 415480.58462790237
835 989 306923.3314231463
835 677 829244.3506238601
835 197 25703.683903139598
370 282 633225.3191060026
282 583 750461.0402108215
282 174 317117.67354441265
282 596 812143.8907997188
282 660 946591.1815900663
525 149 193828.90669023167
525 905 858122.886886079
525 95 102986.90407018419
792 396 788891.5395751889
396 334 505094.7415859713
396 201 292276.3413476224
211 396 880976.1194507208
396 974 125626.28513797646
713 101 493760.2335802642
101 397 730009.0887510113
119 101 482941.38955317624
101 364 611735.6059172443
701 716 202002.12231743318
701 801 450606.3272065496
220 701 22049.41203861399
701 358 953481.8761373553
701 172 855461.1248262265
701 43 819391.8116244145
536 747 112679.53976110468
747 623 170787.94091384398
183 747 450987.4340219657
747 960 397780.4244848564
482 494 197754.12491137913
494 808 725507.5778208183
494 116 892573.0941004643
259 494 2340.471055764626
494 501 292634.9088211645
116 433 371532.2187006085
433 933 606285.9903657341
433 171 303977.5230977395
433 415 1689.8338696670346
433 335 385788.80152514763
433 496 791163.1583541449
146 228 951220.9722310433
146 415 319858.9209146131
228 415 605388.7792086267
433 146 560432.5504905682
146 116 646261.6518816358
962 293 197227.7290703731
962 46 874006.2601981887
228 962 965453.736716281
962 727 335666.4302229184
494 962 977115.2721773369
494 228 518871.25470232556
962 501 43458.55636105101
415 528 92218.88315525018
528 182 776851.6627907833
528 136 743888.1640667627
228 528 55890.28016760067
528 326 851142.8244039159
833 707 63035.49101470218
707 905 393112.31479645835
707 525 854143.7979273653
707 95 989856.7887460702
541 119 721218.4062100782
541 397 94427.15005883551
101 541 239143.8570073957
579 713 48473.58530798041
579 348 612544.9364210344
579 101 979828.2288006115
579 364 891004.2705672338
884 183 127860.33545525733
884 326 203235.90465751695
884 747 869006.209499734
884 960 49980.225858918704
884 46 977456.9097975082
587 146 260048.03165962265
587 116 696011.6936702271
587 228 669677.105301278
494 587 849953.5157395363
156 707 521310.25977942726
156 833 787197.9623843012
803 156 340778.4787154182
156 151 788158.3509038882
95 156 365312.6334597131
