95 271
74 86 
74 24 
86 24 
82 25 
82 57 
25 57 
66 82 
66 57 
75 62 
75 46 
62 46 
66 75 
66 46 
75 57 
61 86 
61 12 
86 12 
89 55 
89 52 
55 52 
82 73 
73 25 
1 86 
1 74 
46 32 
46 92 
32 92 
62 32 
49 75 
49 18 
75 18 
33 62 
33 14 
62 14 
45 33 
45 14 
33 32 
33 92 
2 45 
2 14 
62 2 
75 2 
80 20 
80 47 
20 47 
20 52 
20 24 
52 24 
80 52 
31 61 
31 12 
22 20 
22 24 
22 47 
86 22 
61 22 
31 22 
15 56 
15 45 
56 45 
90 67 
90 12 
67 12 
37 28 
37 59 
28 59 
28 53 
28 74 
53 74 
53 1 
37 53 
53 4 
37 4 
2 9 
9 45 
15 9 
15 87 
9 87 
9 75 
8 15 
8 87 
63 80 
63 47 
63 52 
63 58 
58 52 
22 54 
54 47 
54 31 
38 89 
38 52 
58 38 
89 77 
77 55 
77 42 
89 42 
68 49 
68 18 
9 29 
29 87 
29 8 
49 29 
29 75 
73 44 
73 59 
44 59 
33 7 
7 92 
7 45 
56 7 
17 50 
17 67 
50 67 
90 17 
50 64 
17 64 
90 64 
11 90 
11 12 
11 64 
50 35 
50 60 
35 60 
35 64 
91 35 
91 64 
78 63 
78 47 
78 58 
54 78 
10 38 
10 58 
89 10 
10 42 
77 94 
77 88 
94 88 
77 85 
85 55 
55 18 
85 18 
85 68 
94 34 
34 88 
34 5 
94 5 
71 91 
71 59 
91 59 
44 71 
71 19 
44 19 
39 35 
39 91 
39 71 
39 19 
79 73 
79 82 
53 76 
76 1 
76 86 
76 12 
76 11 
72 10 
72 58 
3 77 
3 42 
3 94 
68 69 
69 49 
69 29 
29 16 
16 8 
8 13 
16 13 
69 16 
16 5 
5 13 
16 34 
26 7 
26 56 
39 26 
39 56 
26 92 
26 79 
79 92 
40 39 
40 56 
40 35 
40 15 
8 40 
40 60 
8 60 
26 36 
36 79 
36 44 
36 73 
66 43 
43 82 
43 79 
43 92 
43 46 
48 76 
48 53 
48 11 
83 54 
83 31 
83 12 
83 78 
67 83 
72 83 
72 67 
83 58 
84 72 
84 67 
84 50 
84 60 
72 65 
65 10 
34 6 
6 88 
16 6 
6 69 
44 81 
81 19 
36 81 
81 26 
81 39 
41 53 
41 4 
41 48 
11 93 
93 64 
48 93 
93 91 
84 23 
23 72 
23 65 
5 23 
23 13 
65 5 
94 27 
27 5 
27 65 
3 27 
27 42 
10 27 
0 69 
0 68 
0 6 
0 88 
85 0 
0 77 
91 51 
51 59 
93 51 
51 37 
51 48 
30 84 
30 60 
30 23 
8 30 
30 13 
41 70 
70 48 
70 51 
70 21 
21 51 
37 21 
21 4 
21 41 
