75 212
28 12 
28 36 
12 36 
18 69 
18 34 
69 34 
11 18 
11 12 
18 12 
69 11 
69 65 
11 65 
0 62 
0 26 
62 26 
70 53 
70 29 
53 29 
44 69 
44 65 
44 34 
25 35 
25 27 
35 27 
30 4 
30 43 
4 43 
43 27 
4 27 
4 25 
54 14 
54 34 
14 34 
14 43 
43 34 
14 30 
38 73 
38 25 
73 25 
38 4 
38 30 
73 7 
7 25 
35 7 
35 45 
7 45 
7 61 
73 61 
62 16 
16 26 
39 16 
39 62 
28 10 
10 12 
48 39 
48 62 
73 1 
1 61 
1 40 
1 62 
40 62 
60 29 
60 23 
29 23 
60 70 
47 10 
47 28 
55 53 
55 70 
55 47 
47 53 
16 55 
55 26 
53 2 
2 29 
23 2 
23 36 
2 36 
2 28 
9 40 
9 54 
40 54 
9 44 
44 40 
9 34 
58 49 
58 27 
49 27 
35 58 
14 74 
74 30 
74 38 
22 58 
22 35 
22 45 
64 22 
64 45 
7 17 
17 45 
17 64 
17 61 
67 48 
67 62 
40 67 
10 32 
32 12 
32 11 
32 67 
67 11 
32 48 
0 8 
8 62 
8 1 
8 61 
8 17 
15 21 
15 23 
21 23 
72 55 
72 70 
72 26 
51 47 
51 28 
51 53 
2 51 
47 41 
41 10 
48 41 
41 39 
31 15 
31 52 
15 52 
49 31 
49 52 
68 31 
68 49 
38 19 
19 73 
74 19 
71 74 
71 14 
71 54 
40 71 
22 6 
6 58 
13 8 
13 0 
13 22 
13 64 
17 13 
20 67 
20 40 
20 44 
20 65 
11 20 
59 72 
59 33 
72 33 
59 13 
59 0 
13 33 
59 26 
41 3 
3 39 
3 47 
3 16 
3 55 
41 50 
50 10 
50 48 
50 32 
66 21 
66 15 
31 66 
66 60 
66 23 
72 63 
63 33 
63 70 
42 19 
42 74 
71 42 
42 73 
42 1 
42 40 
6 56 
56 58 
56 49 
56 68 
68 46 
56 46 
6 46 
5 66 
5 31 
5 60 
5 70 
5 63 
57 13 
57 33 
63 57 
13 37 
37 22 
57 37 
6 37 
37 46 
24 57 
24 63 
24 37 
24 5 
24 31 
24 68 
24 46 
