85 242
0 283667.2794096171 269398.07694402826
1 482.1654036438749 26565.91856873791
2 444767.4632814552 747165.1373042194
3 849684.340206162 81562.95204262676
4 617890.4306499751 842626.1590264862
5 436683.46909309697 92343.34604405536
6 777634.9606037841 413302.70657586475
7 937369.3767543276 249880.26057731028
8 260787.19272992123 20637.283149689712
9 150669.27531217455 492055.74993965164
10 464112.0062223328 123230.91734445601
11 644526.5772295482 33821.895920623676
12 807139.5125457465 372320.3297257992
13 494971.61208999576 489213.30987355096
14 923557.7877425903 106633.0536494493
15 156554.9877024055 56805.2588350072
16 666639.3192907725 831732.4359266907
17 518132.72850503534 5636.832673616143
18 932054.3699269717 763518.9273190795
19 583074.5322843668 144459.01904149848
20 978230.5404879242 724420.5134206979
21 301853.8427885278 454327.3461719074
22 579946.8534730767 456174.16398287757
23 425226.4102196105 275251.9498035145
24 959597.4824694631 245516.67721498493
25 879608.8703439772 518465.3702428557
26 863643.7543542014 617567.6172846713
27 379730.8581258564 88616.80488354184
28 878401.3262978811 282851.6950498956
29 994688.9540819459 70988.06721786033
30 120995.59105526336 340145.45946997945
31 389637.4402447892 206798.99587722795
32 335184.5252570318 604989.2894127751
33 839978.5189052961 156251.4585248066
34 288769.7035715626 233954.15467294722
35 232036.33369864983 460821.79304295767
36 631301.6454476573 921677.870886443
37 894452.886803899 518438.24508585146
38 936820.8677632671 535441.8155327054
39 675868.2875198502 423218.02763041185
40 396753.6404509223 340113.5045345817
41 832123.9580178087 96990.340183573
42 62489.095671672934 291825.47267199255
43 831364.2037285033 179745.0292081958
44 588840.4270758019 212249.7511492457
45 596760.5238011269 40247.24225023979
46 766163.4061079125 263535.32801078726
47 29821.702123124403 68119.395344441
48 36989.22952136463 671214.2658515349
49 196879.76532859297 54008.3255139463
50 42521.43774301875 163363.88284660454
51 954382.4483684744 528589.3733700318
52 847366.7129215065 315329.35877706914
53 923946.603069262 605590.8787361843
54 523725.73057075625 780365.7105414766
55 711631.6223687435 834102.684793965
56 590321.2297777238 751326.2431828233
57 522102.83139364945 105467.13733023328
58 694499.5921530423 652003.886406158
59 85302.35511013796 447573.3964763344
60 190318.06141738273 253217.122894838
61 468002.12698358076 162681.20368729756
62 937050.5700773913 480538.1028619017
63 60057.41440008849 585369.7397261035
64 709279.5311768658 735476.3543374588
65 47491.753692179176 321239.0577279417
66 135704.15246533207 467428.40771663253
67 397117.3529577753 33896.610028556264
68 742250.1672489895 19420.001767982532
69 378896.1537880563 703721.475507493
70 150199.3947359882 455366.5202523631
71 274750.1351395007 333186.9549732369
72 626438.976260445 248824.42853109565
73 433104.881867128 483050.35888703086
74 588634.9005751929 425361.95963313803
75 671535.1281761747 112422.33349003439
76 261528.08784020954 764701.619037605
77 256501.550070404 999315.8781951559
78 947608.249047337 895026.0285536955
79 171750.32047451322 899843.6083719992
80 252024.93734590526 876381.523360713
81 323881.02076343284 256415.02569737873
82 520688.0374531009 896577.1702984684
83 119146.71414568134 9826.4843427891
84 751322.1009719945 326514.1992096882
36 78 
36 77 
78 77 
82 36 
82 77 
36 4 
82 4 
7 24 
7 62 
24 62 
24 14 
24 29 
14 29 
14 7 
18 20 
18 78 
20 78 
58 56 
58 13 
56 13 
55 18 
55 78 
36 55 
8 83 
8 17 
83 17 
69 32 
69 13 
32 13 
76 32 
76 69 
32 63 
76 63 
22 58 
22 13 
26 20 
26 18 
82 54 
54 4 
54 56 
56 4 
56 16 
16 4 
16 36 
16 55 
79 80 
79 77 
80 77 
80 76 
79 76 
80 82 
76 48 
48 63 
79 48 
21 32 
21 35 
32 35 
9 32 
9 63 
9 35 
21 71 
21 40 
71 40 
71 35 
65 48 
65 1 
48 1 
65 63 
28 7 
28 62 
52 28 
52 62 
52 12 
52 84 
12 84 
12 6 
6 84 
12 62 
22 39 
39 58 
39 6 
6 58 
39 84 
26 64 
26 58 
64 58 
16 64 
64 55 
64 18 
64 56 
26 53 
53 20 
6 25 
25 58 
25 26 
12 25 
25 53 
25 37 
37 53 
25 62 
37 62 
54 2 
2 56 
2 69 
2 13 
2 82 
80 2 
2 76 
67 8 
67 17 
67 27 
27 8 
5 67 
5 17 
5 27 
27 31 
5 31 
27 34 
34 8 
34 31 
32 73 
73 13 
21 73 
73 40 
40 13 
50 15 
50 60 
15 60 
50 65 
50 1 
30 71 
30 35 
71 60 
30 60 
46 52 
46 84 
46 28 
11 45 
11 17 
45 17 
53 51 
51 20 
24 51 
51 62 
51 29 
20 29 
44 61 
44 19 
61 19 
61 23 
61 31 
23 31 
44 23 
34 49 
49 8 
49 83 
49 15 
15 83 
49 60 
34 60 
0 71 
0 60 
34 0 
42 50 
42 60 
42 65 
30 42 
30 65 
15 47 
47 83 
50 47 
83 1 
47 1 
9 70 
70 35 
70 30 
46 43 
43 28 
43 7 
23 74 
23 40 
74 40 
74 39 
74 22 
74 13 
37 38 
38 53 
38 51 
38 62 
61 57 
57 19 
57 5 
57 17 
45 57 
45 19 
81 34 
81 31 
81 0 
23 81 
81 40 
71 81 
30 59 
59 65 
70 59 
59 63 
59 9 
33 14 
33 7 
43 33 
75 43 
75 46 
75 44 
75 19 
45 75 
75 11 
75 33 
44 72 
72 23 
72 74 
72 39 
72 84 
72 46 
72 75 
57 10 
10 5 
10 61 
10 31 
66 70 
66 9 
59 66 
33 3 
3 14 
3 29 
75 41 
41 33 
41 3 
68 75 
68 11 
68 41 
68 3 
68 29 
68 17 
