20 49
0 85911.83007027004 690795.7861118251
1 514064.67690504045 915004.0097473526
2 957536.4629425778 324695.319657978
3 478549.2218919901 281165.06059575675
4 146827.45480785499 999153.3055347567
5 274100.71892255015 215980.96801008692
6 315624.1034523578 903581.1115556707
7 360729.9628397348 29135.672394038138
8 41877.62645776583 108300.98425280355
9 943578.3373430489 663445.5491616923
10 625291.9103932991 238220.21002731708
11 566462.7976386475 190217.23075290787
12 4336.882203082704 518434.3512408873
13 189278.19984408957 435648.7567988483
14 860677.4597429539 14614.030900154563
15 875899.5885826782 215505.95257967187
16 740910.012739176 340906.0790830972
17 277765.75177607476 583662.9626663219
18 694950.87648242 399939.5930248435
19 422391.3938804391 356478.2573461932
0 4 
0 12 
4 12 
6 1 
6 4 
1 4 
1 17 
6 17 
0 6 
0 17 
5 8 
5 7 
8 7 
3 5 
3 7 
18 1 
18 17 
18 9 
9 1 
10 18 
10 3 
18 3 
9 2 
18 2 
15 14 
15 2 
14 2 
15 10 
10 14 
14 11 
14 7 
11 7 
10 11 
11 3 
13 0 
13 12 
13 17 
8 13 
8 12 
5 13 
19 18 
19 17 
19 3 
13 19 
19 5 
16 18 
16 10 
15 16 
16 2 
