65 178
0 936943.6615497349 256248.06086952068
1 406594.84924758936 189940.65537999783
2 88032.00404237732 481282.0245224734
3 825974.0539799872 468127.9458237925
4 746935.7210076854 914099.5284030084
5 729943.0542498817 518412.2469856507
6 619267.0635201985 923942.1911602218
7 141420.5346000289 469107.0621900074
8 198290.57755452552 188849.05763396842
9 553416.0690943999 52678.0978099215
10 538062.3465421584 940238.444154969
11 861824.406375427 419070.721408755
12 475895.113138631 939979.635620973
13 716626.7762370592 252324.2774042955
14 665890.4115474961 207723.55217408677
15 35043.49512390415 545727.3783385172
16 377024.7741979087 187319.41451791045
17 390.9747990433754 45110.51824912748
18 298643.71383620426 417283.7567729316
19 244967.9695462559 105758.65248132244
20 516035.1053604931 930411.0609543236
21 25001.51490485514 16859.134339460514
22 148792.7900716397 281367.03762861114
23 333601.41876161366 242268.05393457063
24 485990.60671925574 793185.6590545793
25 877541.8517440101 43837.19525058127
26 433894.64772955497 578760.5366351382
27 714287.1497187511 719438.8060103946
28 984444.2770806301 256314.43844507384
29 653758.229049925 159.63410077957096
30 963453.2081922038 116138.39709755691
31 513564.2536168832 971925.544852385
32 358546.09464345634 640153.2236508772
33 57024.42893201798 899985.3124003162
34 740889.7165805236 347515.6586517135
35 82418.17401622332 151228.7016286249
36 638407.5353014537 284061.02549660293
37 408187.7146131706 961253.351958393
38 850928.8951274881 582418.6925708444
39 427665.246086549 924365.9950207183
40 201542.00593597293 802590.7139022126
41 418722.6304514607 16333.070135245542
42 545056.7811771401 946846.3143839894
43 700658.4261096922 487208.0828050632
44 914028.6934064481 774687.0655823975
45 820529.027259029 639164.4554855229
46 700880.1821758291 23154.541465528644
47 978606.5500740138 199570.19849693569
48 680264.5147967928 469314.3559188718
49 148804.1969060372 476871.03579674684
50 964003.3660083277 282932.77280615567
51 510681.2848227089 306002.9232354825
52 448250.69624137925 518321.8028011096
53 627348.3185002286 72992.30010409342
54 424700.67315216945 231575.40538791876
55 647014.7502654571 190341.74642546996
56 378511.10707836156 768293.711242524
57 877951.0288282615 859322.1793564815
58 296929.57960249734 543417.7637349679
59 184410.3851959299 530646.9394041902
60 595883.0009273972 890385.1816972375
61 48851.0006093309 843747.4414561456
62 464706.4274598017 743857.4288078404
63 651406.3918109401 876862.8579922001
64 323495.9068194462 18599.60428052998
30 0 
30 25 
0 25 
0 47 
0 28 
47 28 
47 30 
4 27 
4 57 
27 57 
27 44 
44 57 
50 0 
50 28 
44 50 
44 28 
50 38 
44 38 
21 35 
21 17 
35 17 
40 37 
40 33 
37 33 
6 4 
6 31 
4 31 
37 12 
37 31 
12 31 
24 39 
24 56 
39 56 
39 40 
40 56 
39 37 
39 12 
12 24 
62 24 
62 56 
62 27 
27 24 
58 18 
58 52 
18 52 
44 45 
45 38 
27 45 
38 5 
45 5 
27 5 
50 11 
11 0 
11 38 
19 35 
19 21 
61 40 
61 33 
59 18 
59 58 
27 63 
63 24 
63 4 
6 63 
20 12 
20 24 
20 31 
32 62 
32 56 
40 32 
32 59 
32 58 
59 40 
62 26 
26 27 
48 26 
48 52 
26 52 
32 26 
26 58 
35 22 
35 2 
22 2 
18 22 
18 23 
22 23 
9 1 
9 41 
1 41 
29 9 
29 41 
64 19 
64 21 
64 29 
64 41 
29 21 
51 48 
51 52 
18 51 
46 29 
46 25 
29 25 
3 38 
3 5 
3 11 
11 34 
34 0 
3 34 
22 7 
7 2 
7 18 
61 15 
15 40 
15 59 
59 2 
15 2 
15 17 
61 17 
35 15 
60 63 
60 6 
60 24 
60 20 
42 6 
42 31 
42 60 
43 26 
43 48 
43 3 
43 5 
27 43 
34 43 
34 48 
8 19 
8 23 
19 23 
22 8 
8 35 
64 16 
16 19 
16 23 
1 16 
16 41 
55 46 
55 14 
46 14 
54 18 
54 23 
54 51 
16 54 
54 1 
54 55 
55 51 
9 54 
55 9 
53 9 
53 29 
46 53 
53 55 
34 13 
13 0 
13 25 
13 46 
13 14 
51 36 
36 48 
36 34 
36 13 
36 14 
36 55 
59 49 
49 18 
49 7 
49 2 
20 10 
10 31 
10 42 
60 10 
