70 196
32 61 
32 67 
61 67 
18 60 
18 67 
60 67 
64 36 
64 12 
36 12 
26 39 
26 40 
39 40 
53 59 
53 24 
59 24 
53 64 
53 12 
38 59 
38 32 
59 32 
59 60 
38 60 
38 67 
59 4 
4 24 
4 60 
64 4 
64 37 
4 37 
59 44 
44 32 
49 5 
49 9 
5 9 
52 33 
52 49 
33 49 
3 33 
3 52 
55 68 
55 25 
68 25 
6 52 
6 45 
52 45 
3 56 
3 39 
56 39 
56 55 
55 39 
56 52 
6 56 
56 45 
68 56 
68 45 
39 66 
66 40 
55 66 
34 46 
34 40 
46 40 
46 26 
26 22 
46 22 
2 34 
2 40 
2 48 
48 34 
26 19 
19 39 
11 53 
11 24 
11 64 
4 11 
64 15 
15 36 
15 0 
0 36 
15 37 
0 37 
62 60 
62 18 
62 4 
62 37 
32 20 
20 61 
44 20 
23 33 
23 3 
23 5 
23 49 
27 69 
27 25 
69 25 
31 46 
31 34 
48 31 
31 36 
31 22 
36 22 
31 12 
48 12 
2 7 
2 35 
7 35 
7 69 
69 35 
66 7 
7 40 
7 25 
7 55 
2 16 
16 48 
16 35 
19 57 
57 39 
57 3 
57 23 
5 57 
57 9 
17 26 
17 22 
36 58 
58 22 
0 58 
27 63 
27 29 
63 29 
63 28 
27 28 
68 21 
21 25 
21 27 
21 28 
21 45 
28 45 
8 27 
8 29 
8 69 
43 17 
43 22 
58 43 
43 14 
58 14 
41 19 
41 26 
17 41 
41 57 
41 9 
30 58 
30 0 
30 14 
30 37 
63 47 
47 29 
47 50 
63 50 
1 20 
1 44 
50 1 
50 44 
1 61 
50 61 
50 10 
10 61 
63 10 
10 28 
51 16 
51 35 
69 51 
8 51 
43 13 
13 17 
13 41 
13 14 
30 13 
13 9 
10 54 
54 61 
54 28 
61 45 
54 45 
51 65 
65 16 
65 44 
65 59 
53 65 
65 12 
48 65 
65 42 
42 44 
42 51 
42 50 
42 47 
42 8 
42 29 
